4.292885303497314453e+00
4.292885303497314453e+00
4.192406654357910156e+00
4.118933677673339844e+00
3.541912794113159180e+00
2.021880149841308594e+00
1.036825180053710938e+00
6.351448893547058105e-01
4.533293843269348145e-01
5.309250354766845703e-01
5.027473568916320801e-01
5.766961574554443359e-01
5.683061480522155762e-01
3.637262880802154541e-01
3.969794511795043945e-01
5.352308750152587891e-01
7.826366424560546875e-01
7.912201881408691406e-01
8.452217578887939453e-01
8.093191385269165039e-01
7.220214009284973145e-01
1.545285463333129883e+00
1.764147996902465820e+00
1.583233833312988281e+00
1.603904247283935547e+00
1.643683552742004395e+00
1.635244846343994141e+00
4.708981812000274658e-01
4.507765471935272217e-01
4.374086260795593262e-01
4.682682454586029053e-01
5.220943689346313477e-01
5.355500578880310059e-01
5.836011171340942383e-01
4.995612204074859619e-01
4.800735712051391602e-01
3.426102697849273682e-01
3.687882423400878906e-01
3.418966531753540039e-01
2.740787029266357422e+00
2.721913099288940430e+00
2.650958061218261719e+00
2.750863552093505859e+00
2.772146224975585938e+00
2.819545269012451172e+00
5.323482155799865723e-01
5.258991122245788574e-01
4.965212047100067139e-01
8.739876747131347656e-01
7.125146985054016113e-01
7.084589600563049316e-01
6.316996216773986816e-01
5.313360691070556641e-01
6.170310378074645996e-01
3.044245243072509766e-01
3.712893426418304443e-01
3.856123685836791992e-01
3.912430703639984131e-01
4.241856932640075684e-01
2.808380722999572754e-01
2.073294669389724731e-01
1.992616653442382812e-01
1.866253018379211426e-01
2.103012204170227051e-01
2.185997217893600464e-01
3.148138225078582764e-01
4.595270454883575439e-01
4.418002963066101074e-01
4.291535019874572754e-01
3.798902332782745361e-01
3.173980414867401123e-01
2.279414683580398560e-01
1.646859496831893921e-01
1.866485774517059326e-01
3.137098550796508789e-01
4.366699457168579102e-01
7.026783823966979980e-01
7.013270258903503418e-01
7.541874051094055176e-01
7.664799094200134277e-01
7.304384708404541016e-01
5.770457983016967773e-01
3.443759083747863770e-01
4.332455992698669434e-01
4.316377341747283936e-01
4.182081222534179688e-01
2.719179093837738037e-01
2.578324377536773682e-01
1.426335871219635010e-01
1.266697049140930176e-01
1.417035907506942749e-01
1.244759485125541687e-01
6.836637109518051147e-02
7.366564869880676270e-02
9.415934234857559204e-02
1.277042478322982788e-01
1.700588017702102661e-01
2.781354188919067383e+00
2.807490587234497070e+00
2.962150335311889648e+00
3.078642368316650391e+00
3.091098070144653320e+00
3.064737558364868164e+00
4.240005612373352051e-01
4.677317738533020020e-01
3.472757637500762939e-01
5.575183629989624023e-01
5.561126470565795898e-01
6.676773428916931152e-01
3.348528146743774414e+00
3.384711742401123047e+00
3.575127363204956055e+00
3.359451770782470703e+00
3.422117710113525391e+00
4.049304008483886719e+00
1.622635364532470703e+00
2.277228832244873047e+00
2.015720605850219727e+00
1.864872336387634277e+00
1.795943975448608398e+00
1.107541322708129883e+00
5.812357068061828613e-01
1.949905753135681152e-01
1.798658221960067749e-01
1.799336671829223633e-01
2.681846916675567627e-01
4.742684066295623779e-01
4.552572965621948242e-01
4.678144454956054688e-01
1.005970597267150879e+00
1.239461064338684082e+00
1.103782176971435547e+00
1.134413242340087891e+00
1.177226066589355469e+00
1.220687150955200195e+00
6.132894754409790039e-01
5.692102313041687012e-01
5.326241254806518555e-01
2.741338610649108887e-01
2.870963513851165771e-01
2.772260010242462158e-01
2.462268471717834473e-01
1.407658904790878296e-01
1.282141953706741333e-01
1.089493855834007263e-01
1.358157843351364136e-01
9.843558818101882935e-02
1.114156693220138550e-01
9.559259563684463501e-02
1.067884862422943115e-01
1.896710991859436035e-01
3.127692043781280518e-01
3.188480138778686523e-01
4.205126762390136719e-01
4.072659909725189209e-01
4.255425035953521729e-01
3.291303217411041260e-01
3.013179898262023926e-01
3.355964422225952148e-01
4.628417193889617920e-01
4.673509597778320312e-01
4.455705881118774414e-01
5.943188071250915527e-01
3.377940356731414795e-01
3.841970562934875488e-01
1.640396714210510254e-01
1.607784628868103027e+00
1.875074267387390137e+00
1.861767411231994629e+00
1.817623734474182129e+00
1.802601337432861328e+00
1.889864087104797363e+00
5.518321990966796875e-01
4.951038956642150879e-01
4.377607107162475586e-01
4.476419687271118164e-01
4.179155230522155762e-01
3.393341302871704102e-01
2.268976867198944092e-01
2.400024980306625366e-01
2.628391981124877930e-01
1.636821180582046509e-01
1.609903872013092041e-01
1.976997703313827515e-01
2.236327230930328369e-01
2.537515163421630859e-01
2.950517535209655762e-01
3.302433192729949951e-01
3.341905474662780762e-01
3.256505429744720459e-01
3.696058094501495361e-01
2.861742675304412842e-01
2.521169185638427734e-01
4.025020599365234375e-01
3.858883082866668701e-01
3.481253385543823242e-01
2.682110965251922607e-01
5.400142669677734375e-01
5.389544963836669922e-01
3.638231158256530762e-01
3.383416235446929932e-01
6.583653092384338379e-01
7.046142816543579102e-01
5.946904420852661133e-01
6.082842946052551270e-01
6.255943179130554199e-01
4.452174901962280273e-01
1.705782562494277954e-01
3.202922046184539795e-01
2.917299866676330566e-01
3.003992438316345215e-01
2.981575727462768555e-01
3.723728954792022705e-01
3.663405179977416992e-01
1.744295507669448853e-01
2.209601253271102905e-01
2.291249185800552368e-01
2.247111946344375610e-01
1.525339037179946899e-01
1.523634791374206543e-01
1.361490637063980103e-01
1.615276038646697998e-01
1.499914228916168213e-01
2.095428854227066040e-01
1.962156146764755249e-01
2.535447180271148682e-01
4.044367969036102295e-01
4.410852789878845215e-01
4.142117500305175781e-01
3.699795305728912354e-01
3.654717504978179932e-01
4.830029606819152832e-01
4.437347352504730225e-01
4.328238964080810547e-01
4.572174847126007080e-01
3.722470998764038086e-01
3.758933842182159424e-01
3.930603563785552979e-01
1.636031419038772583e-01
1.148265451192855835e-01
2.622673213481903076e-01
3.220188617706298828e-01
4.014504849910736084e-01
3.530009984970092773e-01
3.504367470741271973e-01
2.738110125064849854e-01
9.662793576717376709e-02
7.896184921264648438e-02
8.699706196784973145e-02
1.161971911787986755e-01
9.233521670103073120e-02
3.105482459068298340e-01
4.506046175956726074e-01
4.566913843154907227e-01
4.215334653854370117e-01
5.092380046844482422e-01
7.998421192169189453e-01
8.343832492828369141e-01
6.596139669418334961e-01
1.019272327423095703e+00
2.236496925354003906e+00
2.246522188186645508e+00
1.877159237861633301e+00
1.947541356086730957e+00
1.918361067771911621e+00
9.560848474502563477e-01
3.850322663784027100e-01
4.677077829837799072e-01
5.092114806175231934e-01
2.885873615741729736e-01
3.131618499755859375e-01
3.522247076034545898e-01
4.919259548187255859e-01
4.848417043685913086e-01
3.216534256935119629e-01
2.296172976493835449e-01
2.500400543212890625e-01
2.219062298536300659e-01
3.061808347702026367e-01
2.862901091575622559e-01
2.786368131637573242e-01
3.294339179992675781e-01
4.814052879810333252e-01
4.581915438175201416e-01
7.493204474449157715e-01
7.268243432044982910e-01
7.355672717094421387e-01
1.030160427093505859e+00
8.842337131500244141e-01
9.348302483558654785e-01
4.950830042362213135e-01
5.430118441581726074e-01
5.660564899444580078e-01
2.598735988140106201e-01
4.191886484622955322e-01
4.348885118961334229e-01
6.834253668785095215e-01
6.416282653808593750e-01
6.110691428184509277e-01
5.664674639701843262e-01
4.152455925941467285e-01
5.580139160156250000e-01
3.348136544227600098e-01
3.726168870925903320e-01
2.949276566505432129e-01
3.115256726741790771e-01
3.033506572246551514e-01
1.989429742097854614e-01
1.904083490371704102e-01
2.034246325492858887e-01
2.872107326984405518e-01
4.663910865783691406e-01
4.693065166473388672e+00
4.796887397766113281e+00
4.999752521514892578e+00
4.896731376647949219e+00
4.709331035614013672e+00
4.305193901062011719e+00
8.000720143318176270e-01
8.026566505432128906e-01
7.422545552253723145e-01
7.973647117614746094e-01
6.639553904533386230e-01
6.952483654022216797e-01
2.896186709403991699e-01
1.781212240457534790e-01
1.437120437622070312e-01
8.371022343635559082e-02
8.899204432964324951e-02
1.604942828416824341e-01
3.628336191177368164e-01
3.722795546054840088e-01
5.130000114440917969e-01
5.169180631637573242e-01
5.315706729888916016e-01
5.126508474349975586e-01
2.902738749980926514e-01
2.651686370372772217e-01
3.209584057331085205e-01
3.311416506767272949e-01
6.080215573310852051e-01
6.130974888801574707e-01
6.791493892669677734e-01
6.924518942832946777e-01
6.509901881217956543e-01
7.708714008331298828e-01
7.083972096443176270e-01
4.949465394020080566e-01
3.504579365253448486e-01
3.408319056034088135e-01
3.459250032901763916e-01
4.122617244720458984e-01
3.726399242877960205e-01
2.938832938671112061e-01
4.009900391101837158e-01
6.632034778594970703e-01
5.396789908409118652e-01
4.814490377902984619e-01
5.200020670890808105e-01
5.521831512451171875e-01
2.715547680854797363e-01
2.908578813076019287e-01
3.427042067050933838e-01
3.185878694057464600e-01
3.331545889377593994e-01
3.311136066913604736e-01
3.672843575477600098e-01
2.752810418605804443e-01
2.438522428274154663e-01
2.745720148086547852e-01
1.141306161880493164e+00
1.152711033821105957e+00
1.128037452697753906e+00
1.101213216781616211e+00
1.105440497398376465e+00
1.116178870201110840e+00
2.752969861030578613e-01
2.305979281663894653e-01
2.049291878938674927e-01
2.454663217067718506e-01
2.441357076168060303e-01
2.612072527408599854e-01
2.208951562643051147e-01
2.298582494258880615e-01
2.326091825962066650e-01
4.001456499099731445e-01
1.121686697006225586e+00
1.539594769477844238e+00
1.670420408248901367e+00
1.771075606346130371e+00
1.826868534088134766e+00
1.685528516769409180e+00
7.596990466117858887e-01
3.354902267456054688e-01
2.763411700725555420e-01
3.873502314090728760e-01
3.879559338092803955e-01
5.868693590164184570e-01
5.466814637184143066e-01
7.673220038414001465e-01
8.685024976730346680e-01
7.357519268989562988e-01
6.796122193336486816e-01
5.554376244544982910e-01
5.160783529281616211e-01
3.747440278530120850e-01
3.677782416343688965e-01
3.657435774803161621e-01
2.444685995578765869e-01
2.790856957435607910e-01
2.871468663215637207e-01
4.102557599544525146e-01
8.193060159683227539e-01
9.033512473106384277e-01
8.467626571655273438e-01
7.411549687385559082e-01
7.663283348083496094e-01
8.092328906059265137e-01
2.946726977825164795e-01
2.933333814144134521e-01
2.776380479335784912e-01
3.032388091087341309e-01
3.222344815731048584e-01
1.519382894039154053e-01
2.062336951494216919e-01
6.871683001518249512e-01
6.601962447166442871e-01
6.613435149192810059e-01
6.108828186988830566e-01
6.271553635597229004e-01
9.311814308166503906e-01
4.867646396160125732e-01
4.671741127967834473e-01
4.519166946411132812e-01
4.448083043098449707e-01
4.750043451786041260e-01
1.855649352073669434e-01
1.124815717339515686e-01
2.554816603660583496e-01
3.200376033782958984e-01
2.818229496479034424e-01
3.132853806018829346e-01
3.660596013069152832e-01
2.530257403850555420e-01
1.416239738464355469e-01
2.001270651817321777e-01
2.042313814163208008e-01
1.856176555156707764e-01
1.796809583902359009e-01
1.730274111032485962e-01
2.053557932376861572e-01
7.697741687297821045e-02
9.242914617061614990e-02
9.358256310224533081e-02
7.915832847356796265e-02
1.736479401588439941e-01
1.512748152017593384e-01
2.727267146110534668e-01
2.821427106857299805e+00
3.027975559234619141e+00
2.994466781616210938e+00
2.806310892105102539e+00
2.799370288848876953e+00
2.824331045150756836e+00
3.155006468296051025e-01
7.747458219528198242e-01
8.114174604415893555e-01
8.090625405311584473e-01
5.968263745307922363e-01
6.888243556022644043e-01
6.641033291816711426e-01
2.633503377437591553e-01
2.309945225715637207e-01
2.611111402511596680e-01
3.068619966506958008e-01
1.100841313600540161e-01
1.309513598680496216e-01
1.483368873596191406e-01
1.517161279916763306e-01
1.809689700603485107e-01
1.431403607130050659e-01
1.010945737361907959e-01
8.504173159599304199e-02
9.906465560197830200e-02
9.514085948467254639e-02
2.885002791881561279e-01
2.876210510730743408e-01
3.056142330169677734e-01
2.668133676052093506e-01
2.638926208019256592e-01
2.545796632766723633e-01
1.069213375449180603e-01
9.150403738021850586e-02
2.271157950162887573e-01
2.134423702955245972e-01
2.146737426519393921e-01
2.530702054500579834e-01
3.271158039569854736e-01
3.313281536102294922e-01
2.168240100145339966e-01
3.771516680717468262e-01
3.845705389976501465e-01
3.492044508457183838e-01
2.444033473730087280e-01
2.447900772094726562e-01
2.644515037536621094e-01
1.232168227434158325e-01
1.554965972900390625e-01
1.396660357713699341e-01
1.866183131933212280e-01
2.524157762527465820e-01
2.549884021282196045e-01
3.046703636646270752e-01
1.856327652931213379e-01
1.987194567918777466e-01
1.837392896413803101e-01
1.147952824831008911e-01
2.372592091560363770e-01
2.016912251710891724e-01
1.588384360074996948e-01
2.445416599512100220e-01
3.507938981056213379e-01
3.478742241859436035e-01
2.666019201278686523e-01
2.466813027858734131e-01
1.217987418174743652e+00
1.204058051109313965e+00
1.175976157188415527e+00
1.164177179336547852e+00
1.146074175834655762e+00
1.154160976409912109e+00
2.959898114204406738e-01
2.965283989906311035e-01
4.070111513137817383e-01
4.183719754219055176e-01
4.455399513244628906e-01
4.426990151405334473e-01
3.655438721179962158e-01
3.755273222923278809e-01
1.287504315376281738e+00
1.246468067169189453e+00
1.230115175247192383e+00
1.234908938407897949e+00
1.269248604774475098e+00
1.302667498588562012e+00
2.484961897134780884e-01
2.311608344316482544e-01
2.259065955877304077e-01
2.254300117492675781e-01
1.498502343893051147e-01
1.490814536809921265e-01
1.473755985498428345e-01
1.692901104688644409e-01
1.906417161226272583e-01
4.533515870571136475e-01
4.502873122692108154e-01
6.152420043945312500e-01
5.206642150878906250e-01
6.253231763839721680e-01
6.712560653686523438e-01
7.458254694938659668e-01
9.300994873046875000e-01
6.643629074096679688e-01
6.764802932739257812e-01
6.625931859016418457e-01
5.178112983703613281e-01
2.710422873497009277e-01
1.224722266197204590e-01
1.341620981693267822e-01
1.306544095277786255e-01
1.050533726811408997e-01
1.361257433891296387e-01
1.548929214477539062e-01
1.438684910535812378e-01
1.213677898049354553e-01
1.146648898720741272e-01
2.263643443584442139e-01
2.485699057579040527e-01
1.763032972812652588e-01
3.211243748664855957e-01
7.815777063369750977e-01
1.035365939140319824e+00
1.035583496093750000e+00
1.811519503593444824e+00
2.920939207077026367e+00
3.501951694488525391e+00
3.658466577529907227e+00
4.370358467102050781e+00
4.582106113433837891e+00
4.207839012145996094e+00
3.301615476608276367e+00
2.571092128753662109e+00
2.011944770812988281e+00
2.611909866333007812e+00
1.971254467964172363e+00
1.321826696395874023e+00
1.072456836700439453e+00
1.018603324890136719e+00
8.038083314895629883e-01
4.666641652584075928e-01
4.511404633522033691e-01
4.625816643238067627e-01
4.425321817398071289e-01
2.918378114700317383e-01
3.041067123413085938e-01
3.148033916950225830e-01
3.394559621810913086e-01
3.185930252075195312e-01
3.030190765857696533e-01
2.893284261226654053e-01
2.473798841238021851e-01
2.134102880954742432e-01
1.335455477237701416e-01
4.886211752891540527e-01
4.681949317455291748e-01
4.694246947765350342e-01
4.116690456867218018e-01
4.044216871261596680e-01
4.500676989555358887e-01
2.139653116464614868e-01
2.418290525674819946e-01
2.856989204883575439e-01
3.297402262687683105e-01
3.691715300083160400e-01
2.329065352678298950e-01
2.027014493942260742e-01
2.774173319339752197e-01
2.899775207042694092e-01
2.378819733858108521e-01
1.588674902915954590e+00
1.638115882873535156e+00
1.515700340270996094e+00
1.629764199256896973e+00
1.729244351387023926e+00
1.752789378166198730e+00
5.888454914093017578e-01
6.840075850486755371e-01
6.924098134040832520e-01
7.445179224014282227e-01
7.652003169059753418e-01
7.795730233192443848e-01
7.928839921951293945e-01
4.825982153415679932e-01
4.602477550506591797e-01
5.008239150047302246e-01
3.844839930534362793e-01
3.402834534645080566e-01
3.110018670558929443e-01
3.477264344692230225e-01
3.901989758014678955e-01
3.389695584774017334e-01
3.327571749687194824e-01
3.364901244640350342e-01
3.216370642185211182e-01
2.916340529918670654e-01
2.528159320354461670e-01
2.283326834440231323e-01
1.354412555694580078e+00
1.357812643051147461e+00
1.389131665229797363e+00
3.909964799880981445e+00
3.883346080780029297e+00
3.855028867721557617e+00
2.738463163375854492e+00
2.782721519470214844e+00
2.754786491394042969e+00
5.284796357154846191e-01
5.839264392852783203e-01
6.543939709663391113e-01
9.333464503288269043e-01
5.700074434280395508e-01
5.921869874000549316e-01
5.072472095489501953e-01
4.927082061767578125e-01
4.932307004928588867e-01
3.137837052345275879e-01
3.992906212806701660e-01
4.107706546783447266e-01
3.908530473709106445e-01
3.158640563488006592e-01
4.404018521308898926e-01
4.910567104816436768e-01
3.622021377086639404e-01
4.238867461681365967e-01
3.814329206943511963e-01
9.111616015434265137e-01
1.485795497894287109e+00
1.551339268684387207e+00
1.548605561256408691e+00
1.540632009506225586e+00
1.543682456016540527e+00
1.360031366348266602e+00
4.823013842105865479e-01
4.728341400623321533e-01
5.161212682723999023e-01
4.795221686363220215e-01
5.867547392845153809e-01
9.841342568397521973e-01
8.296575546264648438e-01
8.366967439651489258e-01
8.298285603523254395e-01
8.699642419815063477e-01
6.363571286201477051e-01
5.864548087120056152e-01
4.111240506172180176e-01
2.810221612453460693e-01
4.677620232105255127e-01
4.712328910827636719e-01
1.478080749511718750e-01
1.212208569049835205e-01
1.448397189378738403e-01
2.665710747241973877e-01
3.402961790561676025e-01
4.299217462539672852e-01
5.170279145240783691e-01
5.122917890548706055e-01
5.678200125694274902e-01
4.708404541015625000e-01
3.416170775890350342e-01
2.763677835464477539e-01
1.880738437175750732e-01
1.608818173408508301e-01
1.709463745355606079e-01
8.578573912382125854e-02
8.761627227067947388e-02
8.414385467767715454e-02
1.874095648527145386e-01
1.850968301296234131e-01
2.037883549928665161e-01
3.664862215518951416e-01
5.720912814140319824e-01
1.359707593917846680e+00
1.340148210525512695e+00
1.294411182403564453e+00
1.370822072029113770e+00
1.229119539260864258e+00
1.145247459411621094e+00
5.222283005714416504e-01
3.497510254383087158e-01
3.257073462009429932e-01
2.955064773559570312e-01
2.720679044723510742e-01
2.311531752347946167e-01
1.477638334035873413e-01
1.231618046760559082e+00
1.383002042770385742e+00
1.433421015739440918e+00
1.413552999496459961e+00
1.445856809616088867e+00
1.466693997383117676e+00
4.379606544971466064e-01
2.409514784812927246e-01
2.414292842149734497e-01
2.230464220046997070e-01
4.188142418861389160e-01
6.021072268486022949e-01
5.783702135086059570e-01
5.827494263648986816e-01
6.153879761695861816e-01
4.114677906036376953e-01
2.869183123111724854e-01
2.642019391059875488e-01
3.749497532844543457e-01
3.671006262302398682e-01
3.238052129745483398e-01
4.192798733711242676e-01
5.086290240287780762e-01
4.998788535594940186e-01
3.074410259723663330e-01
3.519273400306701660e-01
3.788752257823944092e-01
7.115058302879333496e-01
6.000606417655944824e-01
5.915724635124206543e-01
6.407226920127868652e-01
6.278003454208374023e-01
6.062070131301879883e-01
2.218196690082550049e-01
2.946663200855255127e-01
3.238188624382019043e-01
1.730841696262359619e-01
1.814206689596176147e-01
2.218717634677886963e-01
7.432014346122741699e-01
6.473832130432128906e-01
6.585984230041503906e-01
6.585911512374877930e-01
6.742374300956726074e-01
7.085400223731994629e-01
1.749502569437026978e-01
1.135505661368370056e-01
3.223882913589477539e-01
2.847479879856109619e-01
4.178640544414520264e-01
3.373325765132904053e-01
3.385133445262908936e-01
5.028600692749023438e-01
5.211539864540100098e-01
7.059848308563232422e-01
7.524129748344421387e-01
6.388338208198547363e-01
6.623408198356628418e-01
8.147966265678405762e-01
7.748062014579772949e-01
6.272505521774291992e-01
2.965731620788574219e-01
2.258662283420562744e-01
1.839410662651062012e-01
2.131242752075195312e-01
1.615397632122039795e-01
1.660091429948806763e-01
1.130998358130455017e-01
1.037648916244506836e-01
1.105130240321159363e-01
7.719983905553817749e-02
6.630803644657135010e-02
7.276513427495956421e-02
1.850558370351791382e-01
2.486363202333450317e-01
3.355716764926910400e-01
4.474281966686248779e-01
5.850483775138854980e-01
8.718085289001464844e-01
6.945073008537292480e-01
7.239921689033508301e-01
1.066766381263732910e+00
9.604421854019165039e-01
9.668002724647521973e-01
6.789228320121765137e-01
8.371727466583251953e-01
8.396166563034057617e-01
3.000498056411743164e+00
3.272864580154418945e+00
3.182735204696655273e+00
3.339322805404663086e+00
3.184320211410522461e+00
3.139813423156738281e+00
6.424718499183654785e-01
1.249346375465393066e+00
1.257147789001464844e+00
1.388121962547302246e+00
1.358191490173339844e+00
1.309092640876770020e+00
1.644804120063781738e+00
7.703214287757873535e-01
6.013880968093872070e-01
6.144340634346008301e-01
5.998784899711608887e-01
3.679071366786956787e-01
2.197630256414413452e-01
4.683136940002441406e-01
4.715836942195892334e-01
3.572822809219360352e-01
3.737926483154296875e-01
3.847129344940185547e-01
3.834458887577056885e-01
4.326111078262329102e-01
4.112446606159210205e-01
4.700123071670532227e-01
4.985105693340301514e-01
4.664020240306854248e-01
4.875622093677520752e-01
2.092523276805877686e-01
2.306016832590103149e-01
2.917816042900085449e-01
1.545654982328414917e-01
1.381337493658065796e-01
1.400170773267745972e-01
1.412802934646606445e-01
1.492464989423751831e-01
1.093597114086151123e-01
1.201674640178680420e-01
1.487438082695007324e-01
4.285471737384796143e-01
4.668078124523162842e-01
7.292695045471191406e-01
9.587727189064025879e-01
1.205175876617431641e+00
1.260240077972412109e+00
1.027458667755126953e+00
9.847652316093444824e-01
6.313647031784057617e-01
6.035643219947814941e-01
5.766707062721252441e-01
5.518098473548889160e-01
3.863774836063385010e-01
5.358750820159912109e-01
5.336971282958984375e-01
6.843307018280029297e-01
6.343652606010437012e-01
9.157756567001342773e-01
1.054239392280578613e+00
1.073210000991821289e+00
1.289483785629272461e+00
1.304796934127807617e+00
1.300986766815185547e+00
1.161219239234924316e+00
1.156559586524963379e+00
9.580636620521545410e-01
7.526719570159912109e-01
5.533429980278015137e-01
5.304155349731445312e-01
5.513019561767578125e-01
5.978013277053833008e-01
7.383830547332763672e-01
7.708275318145751953e-01
8.126839995384216309e-01
9.271001815795898438e-01
8.251643776893615723e-01
7.885348200798034668e-01
7.142498493194580078e-01
7.344283461570739746e-01
7.568362951278686523e-01
8.278489112854003906e-01
8.557111620903015137e-01
8.665527701377868652e-01
7.385048866271972656e-01
7.055888772010803223e-01
8.247915506362915039e-01
6.988133192062377930e-01
7.117903232574462891e-01
7.620677351951599121e-01
8.215860128402709961e-01
8.491863608360290527e-01
8.476350903511047363e-01
1.288678526878356934e+00
1.203030228614807129e+00
1.132889986038208008e+00
1.009290695190429688e+00
9.958649873733520508e-01
8.375173807144165039e-01
3.565934300422668457e-01
4.113978743553161621e-01
3.327538073062896729e-01
3.018235862255096436e-01
3.179184198379516602e-01
2.880596518516540527e-01
4.250711202621459961e-01
2.585096061229705811e-01
2.821395695209503174e-01
3.216681778430938721e-01
3.135908842086791992e-01
3.342372775077819824e-01
3.654678761959075928e-01
3.532991111278533936e-01
1.848100125789642334e-01
1.793289333581924438e-01
1.808824390172958374e-01
1.130079030990600586e-01
3.370645344257354736e-01
9.413005113601684570e-01
1.903035759925842285e+00
3.416546344757080078e+00
2.998589277267456055e+00
2.053980350494384766e+00
1.378597378730773926e+00
1.008841156959533691e+00
1.027489662170410156e+00
1.921422243118286133e+00
1.874201059341430664e+00
1.646839976310729980e+00
1.798905372619628906e+00
2.017093896865844727e+00
1.945280194282531738e+00
8.855816721916198730e-01
6.593836545944213867e-01
8.450576066970825195e-01
6.454640626907348633e-01
3.528296649456024170e-01
3.580239117145538330e-01
4.185736477375030518e-01
4.660569429397583008e-01
3.138688206672668457e-01
2.770000100135803223e-01
2.955431044101715088e-01
2.461020946502685547e-01
2.155232727527618408e-01
4.187391996383666992e-01
3.806345760822296143e-01
4.229860305786132812e-01
6.898858547210693359e-01
7.682162523269653320e-01
7.454524636268615723e-01
3.659253120422363281e-01
3.259257078170776367e-01
3.193060159683227539e-01
3.000955581665039062e-01
2.225749194622039795e-01
2.662388086318969727e-01
1.987264007329940796e-01
2.403005957603454590e-01
2.505972683429718018e-01
2.361829429864883423e-01
3.630979657173156738e-01
4.071999788284301758e-01
6.478380560874938965e-01
6.346578001976013184e-01
7.638064622879028320e-01
7.751070261001586914e-01
7.336190342903137207e-01
6.459206342697143555e-01
6.272810697555541992e-01
6.320263147354125977e-01
5.523424744606018066e-01
5.448778867721557617e-01
5.886653661727905273e-01
5.855753421783447266e-01
4.396662414073944092e-01
5.245662927627563477e-01
4.691703915596008301e-01
4.653143584728240967e-01
3.650645613670349121e-01
5.039075613021850586e-01
4.980672299861907959e-01
4.916115105152130127e-01
1.005229473114013672e+00
1.077484607696533203e+00
1.168555378913879395e+00
1.012518644332885742e+00
1.215052485466003418e+00
8.927047252655029297e-01
3.532157242298126221e-01
2.781400084495544434e-01
2.664151191711425781e-01
2.390432059764862061e-01
1.345789134502410889e-01
4.484958946704864502e-01
5.191369652748107910e-01
1.431673288345336914e+00
1.525526762008666992e+00
1.992802262306213379e+00
2.063632488250732422e+00
2.259140491485595703e+00
2.102766275405883789e+00
1.501203060150146484e+00
1.441534757614135742e+00
7.905511260032653809e-01
4.275909066200256348e-01
3.831848800182342529e-01
5.900334715843200684e-01
6.933180093765258789e-01
7.634845376014709473e-01
7.080965638160705566e-01
6.217834949493408203e-01
6.399387121200561523e-01
6.642680168151855469e-01
4.283450841903686523e-01
3.216010332107543945e-01
7.353174686431884766e-01
7.657912373542785645e-01
6.730578541755676270e-01
7.268111705780029297e-01
8.623729944229125977e-01
9.407703280448913574e-01
5.997466444969177246e-01
7.871811985969543457e-01
7.770352363586425781e-01
1.153035521507263184e+00
1.241167902946472168e+00
1.188926458358764648e+00
1.111432433128356934e+00
9.675677418708801270e-01
9.083914756774902344e-01
4.041455090045928955e-01
3.355148136615753174e-01
5.113657116889953613e-01
4.792762100696563721e-01
4.373611509799957275e-01
4.288637638092041016e-01
3.843156099319458008e-01
2.512425184249877930e-01
1.242876425385475159e-01
1.098041310906410217e-01
1.540720760822296143e-01
1.443936973810195923e-01
1.531941592693328857e-01
1.669057905673980713e-01
2.407134622335433960e-01
2.965502440929412842e-01
4.850900173187255859e-01
4.714381694793701172e-01
5.287540555000305176e-01
1.198414802551269531e+00
1.212281703948974609e+00
1.113676428794860840e+00
9.950976371765136719e-01
1.508019447326660156e+00
1.550381183624267578e+00
7.364768981933593750e-01
7.834558486938476562e-01
7.853671312332153320e-01
8.349015712738037109e-01
5.292516946792602539e-01
6.463220119476318359e-01
5.601222515106201172e-01
4.279971718788146973e-01
5.945014953613281250e-01
5.904359221458435059e-01
5.437318086624145508e-01
3.978964388370513916e-01
5.348033905029296875e-01
5.279672145843505859e-01
4.298318624496459961e-01
2.237665504217147827e-01
1.843581646680831909e-01
2.807179689407348633e-01
2.368947863578796387e-01
3.862853944301605225e-01
2.522655427455902100e-01
2.742760777473449707e-01
4.538981020450592041e-01
6.148843169212341309e-01
5.038869380950927734e-01
3.788793087005615234e-01
4.277833700180053711e-01
5.812428593635559082e-01
5.139611363410949707e-01
2.534288167953491211e-01
2.560283541679382324e-01
2.649326622486114502e-01
2.838323116302490234e-01
1.555021107196807861e-01
1.256442219018936157e-01
1.288718283176422119e-01
4.105853438377380371e-01
6.489462256431579590e-01
5.555782318115234375e-01
5.441930890083312988e-01
7.031542658805847168e-01
6.756044030189514160e-01
4.258904755115509033e-01
1.970011889934539795e-01
2.235730290412902832e-01
1.900130957365036011e-01
1.160664185881614685e-01
1.202300339937210083e-01
1.083892807364463806e-01
1.008912399411201477e-01
1.004879772663116455e-01
1.573946624994277954e-01
1.731078326702117920e-01
1.833440065383911133e-01
1.836162060499191284e-01
1.912361979484558105e-01
1.750051230192184448e-01
5.990910530090332031e-02
5.787977203726768494e-02
6.004393845796585083e-02
6.009867042303085327e-02
6.282547116279602051e-01
7.074720263481140137e-01
7.153306007385253906e-01
7.440633773803710938e-01
8.718653917312622070e-01
8.765764236450195312e-01
4.529987275600433350e-01
2.780757546424865723e-01
1.238024011254310608e-01
1.135486215353012085e-01
1.216119751334190369e-01
1.203598603606224060e-01
1.293504536151885986e-01
1.533574610948562622e-01
3.096124529838562012e-01
2.738105654716491699e-01
2.007388174533843994e-01
2.001121640205383301e-01
1.946100443601608276e-01
2.208577096462249756e-01
8.963835984468460083e-02
9.334989637136459351e-02
1.198936700820922852e-01
1.338458955287933350e-01
1.694786399602890015e-01
1.577749550342559814e-01
1.068604812026023865e-01
1.033798828721046448e-01
9.969031065702438354e-02
1.351963281631469727e-01
2.920507490634918213e-01
4.656935334205627441e-01
4.955897629261016846e-01
5.498702526092529297e-01
4.445908963680267334e-01
4.204986989498138428e-01
2.729911506175994873e-01
1.754077970981597900e-01
2.016930133104324341e-01
1.843155026435852051e-01
3.650296628475189209e-01
4.468882977962493896e-01
4.423561990261077881e-01
5.430395603179931641e-01
4.850973784923553467e-01
4.529670476913452148e-01
3.195063173770904541e-01
2.793086171150207520e-01
2.292031049728393555e-01
1.376148611307144165e-01
2.684220671653747559e-01
2.230555415153503418e-01
2.235872000455856323e-01
2.261040210723876953e-01
2.168434113264083862e-01
2.292645871639251709e-01
1.055870279669761658e-01
6.591402739286422729e-02
7.516907155513763428e-02
9.420928359031677246e-02
7.906434684991836548e-02
1.698108017444610596e-01
2.635740935802459717e-01
2.512616217136383057e-01
2.537228167057037354e-01
2.513640224933624268e-01
2.558914422988891602e-01
5.783166289329528809e-01
4.932456910610198975e-01
1.555627346038818359e+00
1.567130208015441895e+00
1.626458048820495605e+00
1.745670914649963379e+00
1.347244977951049805e+00
1.339553594589233398e+00
1.072153806686401367e+00
1.180143952369689941e+00
1.167013049125671387e+00
1.125613212585449219e+00
1.096640586853027344e+00
1.098842382431030273e+00
3.456697463989257812e-01
2.936269044876098633e-01
2.018908560276031494e-01
2.553535103797912598e-01
1.965442150831222534e-01
2.006942629814147949e-01
1.861657053232192993e-01
1.977612674236297607e-01
2.703026831150054932e-01
2.305002212524414062e-01
2.258428633213043213e-01
2.229138165712356567e-01
2.295306622982025146e-01
1.873707771301269531e-01
1.555178314447402954e-01
6.494539976119995117e-02
1.549758613109588623e-01
1.501954495906829834e-01
1.555503755807876587e-01
1.521823406219482422e-01
3.834237158298492432e-01
3.583235442638397217e-01
3.636188507080078125e-01
4.310722351074218750e-01
6.942882537841796875e-01
8.022550344467163086e-01
4.349272251129150391e-01
4.433735609054565430e-01
4.511958062648773193e-01
4.839469194412231445e-01
2.052789777517318726e-01
1.536385267972946167e-01
1.464886516332626343e-01
1.676446497440338135e-01
1.566110253334045410e-01
6.817819178104400635e-02
1.542069315910339355e-01
1.781899183988571167e-01
1.459824889898300171e-01
1.182534769177436829e-01
2.382218390703201294e-01
2.681968808174133301e-01
2.159053385257720947e-01
3.212501704692840576e-01
4.599267542362213135e-01
7.507771849632263184e-01
9.101671576499938965e-01
1.003035545349121094e+00
2.102573156356811523e+00
2.967044115066528320e+00
4.002284526824951172e+00
4.381891727447509766e+00
4.500166893005371094e+00
5.318878173828125000e+00
4.439888477325439453e+00
4.288820743560791016e+00
3.384325981140136719e+00
2.961158275604248047e+00
2.371760845184326172e+00
1.314141035079956055e+00
8.399897217750549316e-01
3.888865411281585693e-01
3.217332959175109863e-01
5.239245891571044922e-01
5.247837901115417480e-01
5.113960504531860352e-01
5.874524712562561035e-01
5.912086367607116699e-01
4.480878710746765137e-01
1.874521523714065552e-01
3.351991772651672363e-01
6.230471730232238770e-01
7.434315085411071777e-01
1.028611063957214355e+00
1.459535121917724609e+00
1.714489459991455078e+00
2.087814569473266602e+00
1.450738668441772461e+00
1.149961948394775391e+00
9.967694282531738281e-01
7.981044650077819824e-01
6.633710265159606934e-01
5.295743346214294434e-01
1.882138997316360474e-01
1.651597917079925537e-01
1.661267131567001343e-01
2.445606291294097900e-01
3.249055147171020508e-01
3.356318473815917969e-01
3.125674724578857422e-01
3.422653973102569580e-01
3.167510628700256348e-01
1.655951887369155884e-01
1.334906220436096191e-01
1.613783240318298340e-01
3.102533817291259766e-01
3.795877099037170410e-01
4.494204521179199219e-01
7.470437884330749512e-01
8.514260649681091309e-01
1.084363341331481934e+00
1.286370635032653809e+00
1.178261995315551758e+00
1.133707642555236816e+00
8.609656691551208496e-01
9.550486207008361816e-01
1.266875386238098145e+00
1.142545223236083984e+00
8.815769553184509277e-01
8.798614144325256348e-01
9.311345815658569336e-01
8.016110658645629883e-01
5.695173144340515137e-01
5.338075160980224609e-01
5.160905122756958008e-01
3.885328769683837891e-01
3.065690398216247559e-01
1.679189950227737427e-01
5.509927272796630859e-01
5.339424610137939453e-01
5.336232781410217285e-01
6.037795543670654297e-01
5.807036161422729492e-01
8.896733522415161133e-01
6.719308495521545410e-01
3.304279327392578125e+00
3.341039180755615234e+00
2.996120929718017578e+00
3.012158870697021484e+00
3.000821113586425781e+00
2.690665483474731445e+00
1.416748315095901489e-01
1.731201112270355225e-01
2.142553031444549561e-01
4.288756549358367920e-01
4.279274046421051025e-01
4.647634923458099365e-01
5.628097653388977051e-01
5.927395820617675781e-01
5.609252452850341797e-01
4.216619133949279785e-01
3.510864377021789551e-01
4.741250574588775635e-01
3.954514563083648682e-01
3.286867737770080566e-01
4.974631965160369873e-01
3.503551483154296875e-01
4.055377244949340820e-01
3.952720761299133301e-01
3.989040553569793701e-01
1.001920223236083984e+00
4.588029682636260986e-01
5.496028661727905273e-01
5.211019515991210938e-01
4.189855456352233887e-01
4.108570814132690430e-01
1.924417316913604736e-01
2.579898834228515625e-01
4.668601155281066895e-01
4.449495971202850342e-01
4.826499819755554199e-01
4.997027218341827393e-01
9.848389029502868652e-01
7.551000714302062988e-01
7.035027146339416504e-01
6.999300122261047363e-01
9.626581072807312012e-01
9.853051304817199707e-01
5.148697495460510254e-01
4.679713547229766846e-01
3.161875009536743164e-01
3.476756215095520020e-01
1.075623273849487305e+00
1.044287681579589844e+00
9.424415230751037598e-01
9.406123757362365723e-01
9.102898836135864258e-01
8.991589546203613281e-01
1.757617592811584473e-01
2.293796688318252563e-01
2.637913823127746582e-01
2.845146358013153076e-01
3.596571683883666992e-01
3.214869201183319092e-01
4.066981673240661621e-01
3.593977093696594238e-01
3.251381218433380127e-01
3.209104835987091064e-01
2.769124507904052734e-01
2.553904652595520020e-01
1.068269386887550354e-01
1.910840868949890137e-01
2.059422135353088379e-01
3.810051083564758301e-01
4.258397817611694336e-01
6.207130551338195801e-01
5.604801177978515625e-01
4.554854035377502441e-01
4.969182610511779785e-01
4.469023346900939941e-01
3.906175494194030762e-01
2.659058570861816406e-01
4.410993456840515137e-01
3.351524770259857178e-01
3.568854629993438721e-01
3.400861322879791260e-01
3.655959665775299072e-01
3.447346389293670654e-01
1.847488135099411011e-01
1.188523888587951660e+00
1.738442897796630859e+00
1.568387627601623535e+00
1.568256258964538574e+00
1.639833092689514160e+00
1.642682075500488281e+00
1.156969070434570312e+00
7.255206108093261719e-01
7.193049192428588867e-01
7.009389996528625488e-01
7.313510179519653320e-01
7.339269518852233887e-01
3.213448226451873779e-01
4.270091056823730469e-01
8.492609858512878418e-01
8.688781261444091797e-01
7.406610250473022461e-01
6.946401596069335938e-01
6.035301089286804199e-01
1.274464488029479980e+00
1.014325380325317383e+00
1.084275126457214355e+00
1.127097725868225098e+00
1.091057300567626953e+00
1.115583896636962891e+00
4.118345975875854492e-01
2.949720919132232666e-01
3.018519580364227295e-01
2.839750647544860840e-01
2.409959137439727783e-01
2.057363837957382202e-01
2.700320482254028320e-01
9.003403782844543457e-01
8.326863050460815430e-01
9.262568950653076172e-01
9.637442231178283691e-01
9.677255749702453613e-01
7.967652678489685059e-01
1.848963052034378052e-01
1.767402142286300659e-01
1.003356575965881348e-01
1.062633991241455078e-01
1.355598568916320801e-01
1.707598119974136353e-01
1.521397083997726440e-01
1.989456862211227417e-01
2.405587881803512573e-01
2.170574218034744263e-01
2.438760697841644287e-01
2.625982463359832764e-01
2.745384275913238525e-01
2.180277258157730103e-01
1.299133449792861938e-01
1.460074037313461304e-01
3.785874247550964355e-01
8.224745392799377441e-01
8.350244164466857910e-01
9.047654867172241211e-01
1.010536193847656250e+00
9.360448122024536133e-01
7.852331995964050293e-01
3.891983628273010254e-01
3.903301656246185303e-01
2.438494116067886353e-01
2.044229805469512939e-01
2.225242704153060913e-01
2.101199477910995483e-01
9.864942729473114014e-02
9.630428254604339600e-02
1.081974282860755920e-01
9.432243555784225464e-02
6.994217634201049805e-02
7.142494618892669678e-02
1.344442218542098999e-01
1.664060503244400024e-01
2.436773180961608887e-01
2.529294192790985107e-01
3.325725197792053223e-01
5.119433999061584473e-01
3.971222341060638428e-01
3.828323781490325928e-01
4.357537329196929932e-01
4.599912166595458984e-01
3.958097696304321289e-01
3.264435529708862305e-01
2.940724194049835205e-01
3.265959322452545166e-01
3.342145085334777832e-01
4.546730220317840576e-01
5.079345107078552246e-01
7.106729149818420410e-01
9.095774292945861816e-01
8.325438499450683594e-01
8.954036235809326172e-01
1.558612465858459473e+00
1.580136895179748535e+00
1.649333238601684570e+00
1.581427097320556641e+00
1.250742554664611816e+00
1.383859992027282715e+00
4.971942007541656494e-01
2.894536852836608887e-01
8.596083521842956543e-02
3.183175027370452881e-01
4.384509921073913574e-01
4.174347519874572754e-01
6.749756932258605957e-01
6.726913452148437500e-01
6.686309576034545898e-01
5.657601952552795410e-01
4.481511712074279785e-01
4.598915874958038330e-01
4.829977154731750488e-01
4.929765760898590088e-01
7.576252222061157227e-01
6.910517215728759766e-01
6.973086595535278320e-01
6.510279178619384766e-01
3.860034942626953125e-01
3.185650408267974854e-01
2.850847840309143066e-01
2.484576553106307983e-01
1.911393254995346069e-01
2.066827863454818726e-01
1.546805649995803833e-01
2.713953256607055664e-01
3.172108232975006104e-01
4.024678766727447510e-01
3.722360432147979736e-01
2.387033849954605103e-01
2.600359618663787842e-01
2.514571845531463623e-01
3.462066948413848877e-01
4.335451424121856689e-01
3.729369938373565674e-01
4.049630463123321533e-01
4.722093045711517334e-01
3.870730996131896973e-01
5.319495797157287598e-01
5.445581674575805664e-01
1.384018540382385254e+00
1.395142674446105957e+00
2.231726408004760742e+00
2.728022575378417969e+00
2.679737329483032227e+00
2.628443717956542969e+00
1.868956804275512695e+00
1.967585086822509766e+00
1.171114087104797363e+00
5.532042384147644043e-01
6.806789040565490723e-01
6.720109581947326660e-01
8.024066686630249023e-01
7.461895942687988281e-01
6.079155802726745605e-01
5.353490114212036133e-01
4.598594307899475098e-01
4.042341411113739014e-01
3.363582491874694824e-01
2.633835971355438232e-01
2.519027292728424072e-01
2.364583462476730347e-01
2.488248795270919800e-01
2.226929515600204468e-01
2.253460884094238281e-01
2.313941568136215210e-01
2.968865633010864258e-01
5.901403427124023438e-01
1.325597763061523438e+00
2.741300582885742188e+00
3.413066267967224121e-01
1.371857225894927979e-01
1.324944198131561279e-01
9.922949224710464478e-02
3.428699970245361328e-01
3.111424744129180908e-01
3.073266744613647461e-01
3.013513386249542236e-01
3.932966589927673340e-01
4.136188924312591553e-01
1.987198144197463989e-01
2.106710970401763916e-01
2.077431231737136841e-01
2.119195461273193359e-01
1.302652657032012939e-01
1.154261529445648193e-01
1.298560649156570435e-01
9.789531677961349487e-02
9.298221766948699951e-02
7.981783896684646606e-02
7.025625556707382202e-02
6.978633999824523926e-02
7.328096777200698853e-02
4.471420347690582275e-01
4.752237200736999512e-01
4.708334207534790039e-01
1.690315485000610352e+00
2.272634029388427734e+00
2.495595455169677734e+00
1.044614672660827637e+00
1.039954304695129395e+00
1.248523712158203125e+00
9.342754483222961426e-01
3.475153744220733643e-01
3.642120361328125000e-01
3.501111567020416260e-01
3.532681167125701904e-01
6.273919343948364258e-02
6.708480417728424072e-02
7.200806587934494019e-02
7.967910170555114746e-02
7.357650995254516602e-02
6.948720663785934448e-02
6.274217367172241211e-02
5.784079432487487793e-02
5.829572305083274841e-02
5.472549796104431152e-02
6.074913591146469116e-02
6.069206818938255310e-02
8.450303971767425537e-02
8.572579920291900635e-02
8.991033583879470825e-02
1.223099380731582642e-01
1.213742941617965698e-01
1.236640214920043945e-01
2.990129590034484863e-01
2.997994422912597656e-01
2.871770858764648438e-01
3.180068731307983398e-01
3.000276386737823486e-01
2.869865894317626953e-01
8.792200684547424316e-02
1.710225939750671387e-01
1.598658114671707153e-01
1.683857291936874390e-01
1.772386580705642700e-01
1.940616816282272339e-01
2.247454673051834106e-01
1.310997456312179565e-01
1.221193000674247742e-01
1.112769171595573425e-01
9.532848745584487915e-02
8.491172641515731812e-02
7.256678491830825806e-02
8.873630315065383911e-02
8.548664301633834839e-02
8.334200084209442139e-02
1.213167458772659302e-01
1.167478114366531372e-01
8.753000199794769287e-02
8.809609711170196533e-02
8.667203038930892944e-02
7.509565353393554688e-02
2.864455580711364746e-01
2.810285389423370361e-01
2.840200662612915039e-01
3.087517023086547852e-01
2.801721096038818359e-01
2.865871787071228027e-01
7.769317924976348877e-02
8.172520995140075684e-02
8.102677762508392334e-02
7.367714494466781616e-02
8.053435385227203369e-02
8.118984103202819824e-02
7.672672718763351440e-02
8.728326857089996338e-02
8.367041498422622681e-02
9.056454151868820190e-02
8.498988300561904907e-02
8.803915977478027344e-02
7.529617100954055786e-02
6.692335754632949829e-02
7.815504074096679688e-02
8.436780422925949097e-02
7.839263975620269775e-02
7.827691733837127686e-02
7.546442747116088867e-02
7.746838778257369995e-02
7.272954285144805908e-02
6.543491780757904053e-02
7.095818966627120972e-02
6.675188988447189331e-02
7.308036088943481445e-02
8.611189574003219604e-02
1.328884214162826538e-01
1.370537579059600830e-01
7.459334135055541992e-01
2.686383008956909180e+00
3.537045478820800781e+00
3.638840436935424805e+00
3.638867378234863281e+00
3.652054548263549805e+00
2.787002086639404297e+00
1.549036145210266113e+00
1.044570565223693848e+00
8.155486583709716797e-01
8.024296164512634277e-01
7.389541864395141602e-01
5.024569630622863770e-01
7.782032340764999390e-02
7.148374617099761963e-02
7.786005735397338867e-02
8.255490660667419434e-02
3.628515005111694336e-01
2.799238562583923340e-01
2.924713790416717529e-01
2.475572228431701660e-01
2.341742217540740967e-01
2.152765691280364990e-01
7.027065008878707886e-02
9.222733974456787109e-02
1.924554258584976196e-01
1.962756961584091187e-01
2.041884809732437134e-01
2.172732800245285034e-01
2.192191183567047119e-01
2.272298634052276611e-01
1.052351444959640503e-01
1.723483353853225708e-01
1.727953404188156128e-01
1.551714837551116943e-01
1.475585550069808960e-01
1.132552325725555420e-01
1.097852587699890137e-01
1.040968522429466248e-01
1.119076758623123169e-01
1.141817420721054077e-01
1.432274580001831055e-01
1.527289450168609619e-01
2.363975644111633301e-01
2.370904833078384399e-01
2.320445775985717773e-01
2.266074270009994507e-01
3.295234143733978271e-01
3.458791077136993408e-01
2.157167643308639526e-01
1.668590903282165527e-01
1.679139137268066406e-01
1.568704098463058472e-01
8.045648783445358276e-02
8.232201635837554932e-02
8.160904794931411743e-02
2.321547567844390869e-01
2.692627608776092529e-01
2.718749344348907471e-01
2.671855986118316650e-01
3.222275972366333008e-01
3.182772994041442871e-01
2.348485440015792847e-01
2.020517438650131226e-01
1.962857991456985474e-01
1.994130760431289673e-01
1.625370085239410400e-01
1.794462800025939941e-01
1.770672053098678589e-01
1.327717751264572144e-01
1.426359564065933228e-01
5.056673884391784668e-01
4.661825299263000488e-01
4.402686059474945068e-01
4.437606632709503174e-01
4.330922663211822510e-01
5.069168806076049805e-01
2.975152134895324707e-01
3.570176959037780762e-01
3.685474097728729248e-01
4.243376553058624268e-01
5.765128135681152344e-01
3.640318810939788818e-01
2.468454390764236450e-01
2.002988457679748535e-01
2.323612272739410400e-01
2.095122784376144409e-01
1.482465118169784546e-01
3.335379064083099365e-01
3.315184116363525391e-01
3.380792140960693359e-01
3.286150395870208740e-01
3.721936047077178955e-01
4.118959009647369385e-01
2.040194123983383179e-01
6.014502048492431641e-01
6.039645671844482422e-01
5.881054401397705078e-01
1.083536148071289062e+00
1.181496143341064453e+00
1.612970352172851562e+00
1.242469429969787598e+00
4.195842742919921875e+00
4.363933086395263672e+00
4.027938842773437500e+00
3.360358953475952148e+00
2.594673871994018555e+00
2.338185787200927734e+00
2.783969938755035400e-01
3.222554326057434082e-01
3.001042604446411133e-01
2.652730345726013184e-01
2.970314025878906250e-01
4.653278589248657227e-01
4.772475063800811768e-01
4.547742605209350586e-01
4.517731964588165283e-01
4.453054070472717285e-01
4.154556989669799805e-01
1.185634359717369080e-01
1.043151393532752991e-01
9.314571321010589600e-02
7.094885408878326416e-02
7.274536043405532837e-02
2.076002657413482666e-01
2.384252995252609253e-01
2.227083295583724976e-01
2.582616508007049561e-01
3.987830579280853271e-01
4.283332824707031250e-01
2.384308129549026489e-01
2.372044920921325684e-01
2.232648730278015137e-01
1.943247169256210327e-01
8.170194178819656372e-02
8.620187640190124512e-02
1.021133810281753540e-01
8.216627687215805054e-02
8.235543966293334961e-02
8.912622928619384766e-02
1.093556508421897888e-01
1.074352338910102844e-01
1.060501858592033386e-01
1.031710132956504822e-01
1.119051948189735413e-01
1.068146973848342896e-01
1.115594953298568726e-01
9.686215966939926147e-02
1.036491096019744873e-01
1.003177911043167114e-01
9.391985833644866943e-02
1.868711560964584351e-01
1.797690838575363159e-01
1.805525273084640503e-01
1.709399223327636719e-01
1.803536117076873779e-01
1.830086559057235718e-01
9.474444389343261719e-02
9.770753979682922363e-02
9.972729533910751343e-02
1.001288890838623047e-01
1.018938794732093811e-01
1.021014094352722168e+00
9.897325634956359863e-01
1.075103759765625000e+00
1.119580388069152832e+00
1.000643014907836914e+00
1.013177990913391113e+00
9.588524699211120605e-02
3.486457765102386475e-01
3.235950469970703125e-01
3.048097491264343262e-01
3.125371634960174561e-01
3.174712955951690674e-01
3.685339987277984619e-01
1.549638956785202026e-01
1.658852845430374146e-01
1.852004826068878174e-01
1.916902363300323486e-01
1.985597610473632812e-01
1.417214721441268921e-01
1.612824648618698120e-01
1.438150405883789062e-01
1.566653698682785034e-01
1.393581926822662354e-01
1.402956396341323853e-01
1.176122352480888367e-01
1.051413565874099731e-01
4.677524268627166748e-01
4.431592226028442383e-01
4.444235861301422119e-01
4.664838016033172607e-01
1.553671360015869141e+00
1.581887483596801758e+00
1.764116287231445312e+00
2.966574430465698242e+00
3.083281278610229492e+00
3.139415502548217773e+00
1.127343058586120605e+00
1.145480871200561523e+00
5.944093465805053711e-01
1.204667389392852783e-01
8.070652186870574951e-02
8.087737858295440674e-02
7.416936010122299194e-02
2.335891127586364746e-01
2.288476228713989258e-01
2.244379669427871704e-01
2.409656643867492676e-01
3.104826807975769043e-01
2.466218471527099609e-01
6.899584084749221802e-02
7.357030361890792847e-02
5.180265009403228760e-02
5.403205752372741699e-02
5.959884822368621826e-02
1.420363187789916992e-01
1.450463086366653442e-01
3.186795115470886230e-01
3.413723707199096680e-01
3.268217146396636963e-01
2.972942292690277100e-01
3.374711871147155762e-01
3.700166642665863037e-01
2.299011796712875366e-01
4.510219693183898926e-01
4.817028343677520752e-01
4.520848095417022705e-01
2.666312754154205322e-01
2.733040750026702881e-01
2.734083831310272217e-01
4.797877669334411621e-01
4.894965887069702148e-01
4.905735254287719727e-01
7.784288525581359863e-01
7.722965478897094727e-01
7.743270397186279297e-01
2.127495259046554565e-01
2.268326431512832642e-01
2.407916486263275146e-01
8.937012404203414917e-02
1.259419173002243042e-01
3.184971213340759277e-01
5.619145035743713379e-01
5.825070738792419434e-01
6.516067981719970703e-01
5.050500035285949707e-01
4.603673517704010010e-01
3.483417332172393799e-01
3.506639897823333740e-01
3.689625263214111328e-01
3.931374549865722656e-01
4.086588323116302490e-01
5.620501637458801270e-01
5.221609473228454590e-01
5.208446383476257324e-01
5.347325801849365234e-01
5.514736175537109375e-01
7.032555937767028809e-01
7.247125506401062012e-01
8.018666505813598633e-01
7.462782859802246094e-01
6.825622320175170898e-01
6.529644131660461426e-01
5.779237151145935059e-01
8.666849732398986816e-01
8.760632872581481934e-01
1.412155270576477051e+00
1.476832747459411621e+00
1.455287814140319824e+00
2.297822475433349609e+00
1.704061985015869141e+00
2.403761386871337891e+00
1.780851721763610840e+00
1.779769062995910645e+00
1.830095291137695312e+00
1.834239244461059570e+00
1.840508580207824707e+00
1.076483130455017090e+00
1.107763886451721191e+00
1.041971325874328613e+00
9.832201600074768066e-01
8.668956905603408813e-02
1.213837340474128723e-01
7.106660008430480957e-01
7.186363935470581055e-01
7.567108869552612305e-01
7.003690004348754883e-01
7.002058625221252441e-01
6.729064583778381348e-01
8.686956763267517090e-02
8.622486889362335205e-02
7.388994842767715454e-02
2.389758527278900146e-01
2.028927206993103027e-01
1.992374509572982788e-01
2.190234810113906860e-01
3.318516314029693604e-01
3.354771733283996582e-01
2.110454291105270386e-01
5.105776786804199219e-01
4.676636755466461182e-01
4.832943081855773926e-01
4.177850484848022461e-01
4.328469038009643555e-01
4.268644154071807861e-01
9.911770373582839966e-02
1.041536778211593628e-01
3.045614361763000488e-01
3.033963441848754883e-01
2.212244421243667603e-01
2.872360944747924805e-01
2.686905562877655029e-01
3.180961310863494873e-01
2.523607611656188965e-01
2.599828839302062988e-01
2.835187613964080811e-01
2.640184164047241211e-01
2.971550822257995605e-01
2.999451160430908203e-01
7.209722697734832764e-02
9.710375964641571045e-02
1.562456339597702026e-01
1.509597152471542358e-01
1.815056353807449341e-01
2.394923716783523560e-01
2.707935571670532227e-01
2.758740484714508057e-01
1.633718311786651611e-01
1.697271019220352173e-01
1.580432504415512085e-01
9.951227903366088867e-02
1.134158894419670105e-01
1.044661104679107666e-01
1.294777691364288330e-01
1.104504913091659546e-01
1.306867003440856934e-01
1.403697282075881958e-01
1.651178896427154541e-01
1.487111449241638184e-01
1.611621975898742676e-01
1.840002089738845825e-01
1.477203965187072754e-01
1.169467866420745850e-01
1.278491914272308350e-01
1.056330874562263489e-01
9.846997261047363281e-02
1.539027243852615356e-01
1.565046310424804688e-01
6.020490527153015137e-01
5.746513009071350098e-01
6.789616346359252930e-01
7.162918448448181152e-01
6.495586037635803223e-01
8.191620111465454102e-01
4.307119846343994141e-01
5.350969433784484863e-01
8.551095128059387207e-01
1.452067017555236816e+00
2.554600000381469727e+00
4.123528957366943359e+00
3.339026689529418945e+00
2.236985445022583008e+00
1.464347720146179199e+00
1.005555510520935059e+00
8.872403502464294434e-01
8.746165037155151367e-01
1.097400784492492676e-01
1.062148883938789368e-01
1.033105969429016113e+00
1.073055386543273926e+00
1.018619894981384277e+00
1.011737227439880371e+00
9.983477592468261719e-01
1.023127794265747070e+00
9.442101418972015381e-02
8.193885535001754761e-02
7.632271200418472290e-02
1.244433149695396423e-01
9.066135436296463013e-02
7.818893343210220337e-02
8.904828876256942749e-02
1.027221381664276123e-01
1.461142152547836304e-01
9.407339990139007568e-02
3.315011858940124512e-01
3.141153752803802490e-01
3.169983923435211182e-01
3.163959383964538574e-01
3.257871866226196289e-01
3.045580685138702393e-01
2.206049412488937378e-01
9.420795738697052002e-02
9.371756762266159058e-02
2.105947881937026978e-01
2.178301513195037842e-01
1.702006816864013672e+00
1.678513526916503906e+00
1.665988206863403320e+00
1.676774740219116211e+00
1.599893093109130859e+00
1.597178578376770020e+00
8.516969531774520874e-02
8.445573598146438599e-02
8.351534605026245117e-02
8.936674147844314575e-02
1.331949383020401001e-01
1.158694103360176086e-01
1.165596246719360352e-01
9.826546162366867065e-02
9.481583535671234131e-02
9.264425933361053467e-02
1.013821661472320557e-01
8.453203737735748291e-02
8.449334651231765747e-02
1.031518876552581787e-01
9.060386568307876587e-02
9.800113737583160400e-02
5.642969906330108643e-02
6.911212950944900513e-02
8.200760930776596069e-02
9.883055835962295532e-02
