2.422202378511428833e-02
2.160670235753059387e-02
3.987185284495353699e-02
2.885662578046321869e-02
5.478944629430770874e-02
1.184172555804252625e-02
4.733936861157417297e-03
4.008917137980461121e-03
1.588567532598972321e-02
2.092686854302883148e-02
4.332455620169639587e-02
1.005815900862216949e-02
4.764536395668983459e-03
5.045633763074874878e-02
3.902802988886833191e-02
3.692743554711341858e-02
2.271310426294803619e-02
8.492801338434219360e-03
6.677983794361352921e-03
4.409984126687049866e-02
3.660874441266059875e-02
1.866260543465614319e-02
5.241675768047571182e-03
6.854353100061416626e-02
2.150783687829971313e-02
2.912739850580692291e-02
1.288947463035583496e-02
2.374524436891078949e-02
1.532633416354656219e-02
1.805090717971324921e-02
1.282058749347925186e-02
1.768407970666885376e-02
1.019090972840785980e-02
7.288124877959489822e-03
1.060178503394126892e-02
6.443043798208236694e-02
1.148318313062191010e-02
2.156139537692070007e-02
4.111845791339874268e-02
8.710550144314765930e-03
1.148911472409963608e-02
1.090327464044094086e-02
1.371011976152658463e-02
1.399338338524103165e-02
2.794363722205162048e-02
4.421159159392118454e-03
3.282051300629973412e-03
7.941213250160217285e-02
6.551212817430496216e-02
8.411673828959465027e-03
1.531477458775043488e-02
1.728762499988079071e-02
9.003488719463348389e-02
6.063556298613548279e-02
7.121598348021507263e-03
4.840743727982044220e-03
6.758649833500385284e-03
9.340917691588401794e-03
6.921327207237482071e-03
7.701620459556579590e-03
1.173505838960409164e-02
1.519579347223043442e-02
5.418581143021583557e-02
4.537949711084365845e-02
9.782066568732261658e-03
1.785296574234962463e-02
8.015118539333343506e-03
1.063782162964344025e-02
1.815977878868579865e-02
9.226829744875431061e-03
5.969194695353507996e-03
1.004222407937049866e-02
7.578282617032527924e-03
3.378832479938864708e-03
7.130937185138463974e-03
1.411241441965103149e-01
2.084973603487014771e-01
2.800363004207611084e-01
3.020348846912384033e-01
2.689515352249145508e-01
3.872498571872711182e-01
4.080427289009094238e-01
3.896428048610687256e-01
3.401504755020141602e-01
3.826810717582702637e-01
2.167802453041076660e-01
1.416007876396179199e-01
1.776560395956039429e-01
5.954248085618019104e-02
2.780599594116210938e-01
2.735534608364105225e-01
3.486162126064300537e-01
3.745031058788299561e-01
1.745948940515518188e-01
2.924622297286987305e-01
2.328919917345046997e-01
3.427214324474334717e-01
2.764288187026977539e-01
2.796230912208557129e-01
1.859827786684036255e-01
3.708021044731140137e-01
3.639268875122070312e-01
2.981636524200439453e-01
1.144916564226150513e-01
1.758749037981033325e-01
3.579965531826019287e-01
4.781026542186737061e-01
3.518854379653930664e-01
2.913664877414703369e-01
3.020448088645935059e-01
1.229215264320373535e-01
2.403718233108520508e-01
1.754292249679565430e-01
2.752709984779357910e-01
2.400016486644744873e-01
2.754542231559753418e-01
1.491833329200744629e-01
2.055752426385879517e-01
3.184562921524047852e-01
8.944889158010482788e-02
1.262104511260986328e-01
5.295239761471748352e-02
6.610149145126342773e-02
2.292854189872741699e-01
3.061292469501495361e-01
7.492835819721221924e-02
3.595246374607086182e-02
1.603629291057586670e-01
2.998369038105010986e-01
2.682438790798187256e-01
2.865815162658691406e-01
2.009777277708053589e-01
2.984316945075988770e-01
2.522563934326171875e-01
3.030394613742828369e-01
9.650901705026626587e-02
1.908371597528457642e-01
1.870648562908172607e-01
1.574586629867553711e-01
2.232243120670318604e-01
1.981137692928314209e-01
3.327520787715911865e-01
2.600282132625579834e-01
2.901414632797241211e-01
1.423967331647872925e-01
2.400306463241577148e-01
2.367114126682281494e-01
2.045717686414718628e-01
4.336865991353988647e-02
2.436900734901428223e-01
1.974687576293945312e-01
2.090734243392944336e-01
1.431410908699035645e-01
1.490857899188995361e-01
2.086106985807418823e-01
2.439094185829162598e-01
2.894428670406341553e-01
2.886677086353302002e-01
2.820253372192382812e-01
2.401152849197387695e-01
2.405779659748077393e-01
2.568617463111877441e-01
1.178607195615768433e-01
1.823688447475433350e-01
2.754768729209899902e-01
3.383944332599639893e-01
2.592014968395233154e-01
2.522081732749938965e-01
3.001226782798767090e-01
2.891910076141357422e-01
2.149165570735931396e-01
2.786147892475128174e-01
3.664203286170959473e-01
2.831134200096130371e-01
3.240978121757507324e-01
8.636156469583511353e-02
9.262730181217193604e-02
2.552670836448669434e-01
1.021283119916915894e-01
1.714849174022674561e-01
3.032511472702026367e-01
1.879143267869949341e-01
2.876832783222198486e-01
2.419528067111968994e-01
2.494774907827377319e-01
2.648765146732330322e-01
2.394688129425048828e-01
2.220336496829986572e-01
2.743716239929199219e-01
7.111917436122894287e-02
1.570387780666351318e-01
2.454395741224288940e-01
2.603744566440582275e-01
3.238691389560699463e-01
2.143891751766204834e-01
2.307937592267990112e-01
2.835129201412200928e-01
2.938390970230102539e-01
2.689481079578399658e-01
3.038839995861053467e-01
2.057490944862365723e-01
7.637585699558258057e-02
1.053483039140701294e-01
1.917624175548553467e-01
2.184746265411376953e-01
2.016685903072357178e-01
1.432914733886718750e-01
3.327677547931671143e-01
2.641864717006683350e-01
1.665976047515869141e-01
2.914769649505615234e-01
3.536355793476104736e-01
3.231260776519775391e-01
2.616650462150573730e-01
1.536868810653686523e-01
3.514304384589195251e-02
2.598888576030731201e-01
2.913578450679779053e-01
2.868628203868865967e-01
2.569639086723327637e-01
3.039339482784271240e-01
2.811895608901977539e-01
2.932668924331665039e-01
2.774860262870788574e-01
2.131014764308929443e-01
3.607890605926513672e-01
3.228008151054382324e-01
3.325512111186981201e-01
3.677981197834014893e-01
8.967749774456024170e-02
4.274477437138557434e-02
1.283538043498992920e-01
1.950419992208480835e-01
2.771529555320739746e-01
2.639903724193572998e-01
3.316215574741363525e-01
2.946956753730773926e-01
3.480361998081207275e-01
2.225604653358459473e-01
3.290359675884246826e-01
2.779654860496520996e-01
2.582983076572418213e-01
5.772169306874275208e-02
3.151140511035919189e-01
9.882200509309768677e-02
1.884922087192535400e-01
7.270266115665435791e-02
1.161568015813827515e-01
6.360103189945220947e-02
2.780281566083431244e-02
2.456098943948745728e-01
1.701189577579498291e-01
3.038570880889892578e-01
3.846232295036315918e-01
1.955516338348388672e-01
2.520418763160705566e-01
3.634915351867675781e-01
2.557844519615173340e-01
3.767571747303009033e-01
2.256036102771759033e-01
3.809405565261840820e-01
2.351602911949157715e-01
3.534801602363586426e-01
3.808156251907348633e-01
2.615891098976135254e-01
2.607474625110626221e-01
2.327703386545181274e-01
3.005540966987609863e-01
2.823780179023742676e-01
1.323282718658447266e-01
3.475480973720550537e-01
3.096255064010620117e-01
3.014421761035919189e-01
3.341069817543029785e-01
3.176444172859191895e-01
3.055394291877746582e-01
3.121070265769958496e-01
2.325284928083419800e-01
3.524774909019470215e-01
3.170224130153656006e-01
3.136160373687744141e-01
2.324898242950439453e-01
2.762335240840911865e-01
2.557775676250457764e-01
2.116413563489913940e-01
6.818991154432296753e-02
7.612811028957366943e-02
7.869903743267059326e-02
1.235341280698776245e-01
1.992837190628051758e-01
2.297286689281463623e-01
1.776564680039882660e-02
2.122707515954971313e-01
2.937400639057159424e-01
2.267487645149230957e-01
3.904624283313751221e-01
3.473252952098846436e-01
3.472177982330322266e-01
2.587594389915466309e-01
2.350099682807922363e-01
2.176850587129592896e-01
2.407238781452178955e-01
2.543776333332061768e-01
1.081550121307373047e-01
6.545881927013397217e-02
6.830552965402603149e-02
1.008658558130264282e-01
4.760857671499252319e-02
4.956853017210960388e-02
4.411535710096359253e-02
5.408997461199760437e-02
6.319727748632431030e-02
6.885869055986404419e-02
6.849533319473266602e-02
1.273698657751083374e-01
9.633168578147888184e-02
5.880089849233627319e-02
5.381052196025848389e-02
7.654238492250442505e-02
4.933235421776771545e-02
5.029730498790740967e-02
6.973788142204284668e-02
4.866503551602363586e-02
5.986916273832321167e-02
5.799168348312377930e-02
5.272985622286796570e-02
4.497043415904045105e-02
1.235562190413475037e-02
1.163075957447290421e-02
4.818223882466554642e-03
5.375015549361705780e-03
9.736387059092521667e-03
2.371702715754508972e-02
3.826952539384365082e-03
5.498827435076236725e-03
1.398824527859687805e-02
1.453434526920318604e-01
1.104392260313034058e-01
3.180847316980361938e-02
1.665149182081222534e-01
2.303264886140823364e-01
1.527159810066223145e-01
7.551470398902893066e-02
1.001087129116058350e-01
8.560794591903686523e-02
2.210780978202819824e-01
3.354977443814277649e-02
1.083426736295223236e-02
1.714726351201534271e-02
1.636256277561187744e-01
3.434659168124198914e-02
2.367785573005676270e-01
4.484384134411811829e-02
5.868461728096008301e-02
5.836899206042289734e-02
2.434720285236835480e-02
7.428029552102088928e-03
7.057968527078628540e-03
1.292444486171007156e-02
1.505344361066818237e-02
6.876721978187561035e-03
4.489884711802005768e-03
6.742849014699459076e-03
7.345472276210784912e-02
9.632171131670475006e-03
1.262448355555534363e-02
8.243771269917488098e-03
3.731154836714267731e-03
5.855192895978689194e-03
5.840796045958995819e-03
8.423120714724063873e-03
4.767353646457195282e-03
4.798637703061103821e-03
1.232381258159875870e-02
6.247381214052438736e-03
1.287792436778545380e-02
3.666687011718750000e-02
7.636006455868482590e-03
4.273667931556701660e-03
6.814471445977687836e-03
6.951116956770420074e-03
5.456703249365091324e-03
3.660464892163872719e-03
4.010418895632028580e-03
3.499885322526097298e-03
3.031268250197172165e-03
4.355894401669502258e-03
3.526990069076418877e-03
3.281994955614209175e-03
3.794271964579820633e-03
2.290631644427776337e-03
3.434322541579604149e-03
5.369337275624275208e-02
7.883071899414062500e-03
3.642983967438340187e-03
6.879375316202640533e-03
4.095248878002166748e-03
3.890710417181253433e-03
7.487270049750804901e-03
5.799700040370225906e-03
1.192453037947416306e-02
7.394726388156414032e-03
1.034222170710563660e-02
4.068222269415855408e-02
5.997409578412771225e-03
3.407082054764032364e-03
4.422810859978199005e-03
1.153082400560379028e-02
3.966135904192924500e-03
1.341302506625652313e-02
4.964045248925685883e-03
9.981209412217140198e-03
4.470997489988803864e-03
2.659111283719539642e-03
1.727130636572837830e-02
3.223169827833771706e-03
7.193816825747489929e-03
5.524738691747188568e-03
7.858168333768844604e-03
5.890596192330121994e-03
7.397334557026624680e-03
8.187226019799709320e-03
6.058076396584510803e-03
1.008289214223623276e-02
5.929972510784864426e-03
5.492035299539566040e-03
5.790777038782835007e-03
7.104643620550632477e-03
6.665216758847236633e-03
5.608698353171348572e-03
4.294329788535833359e-03
5.568662658333778381e-03
3.461428452283143997e-03
6.709515582770109177e-03
2.447799080982804298e-03
7.989221252501010895e-03
8.164690807461738586e-03
4.194520413875579834e-03
5.575271788984537125e-03
7.123291492462158203e-03
4.626491107046604156e-03
3.431834280490875244e-03
5.170435644686222076e-03
4.144984763115644455e-03
5.803146399557590485e-03
7.084334734827280045e-03
5.320083815604448318e-03
6.207284517586231232e-03
1.560187619179487228e-02
2.550318138673901558e-03
1.034815050661563873e-02
1.495800912380218506e-02
5.340680480003356934e-03
6.643387489020824432e-03
1.405022107064723969e-02
4.724954068660736084e-02
1.362967956811189651e-02
7.447155192494392395e-03
1.098614931106567383e-02
6.960116792470216751e-03
1.500526629388332367e-02
7.532823365181684494e-03
7.291815243661403656e-03
5.474139936268329620e-03
5.301338154822587967e-03
8.744333870708942413e-03
7.123242132365703583e-03
4.927627742290496826e-03
6.792525295168161392e-03
5.980915389955043793e-03
4.285139031708240509e-03
1.501074805855751038e-02
2.493668347597122192e-02
1.093111094087362289e-02
5.556013900786638260e-03
5.392824299633502960e-03
6.739354692399501801e-03
4.747718572616577148e-03
6.499559618532657623e-03
8.705805987119674683e-03
4.134320188313722610e-03
1.797623373568058014e-02
6.763509474694728851e-03
8.653843775391578674e-03
7.216819562017917633e-03
9.576772339642047882e-03
4.941928666085004807e-03
3.608320141211152077e-03
8.528149686753749847e-03
9.040983393788337708e-03
2.606092020869255066e-02
2.082270383834838867e-02
2.097204886376857758e-02
1.546120177954435349e-02
3.449927642941474915e-02
3.095991909503936768e-02
2.237558923661708832e-02
1.090884767472743988e-02
2.483467943966388702e-02
1.682775653898715973e-02
1.343376841396093369e-02
1.202348992228507996e-02
6.809767801314592361e-03
4.716040194034576416e-02
1.540579088032245636e-02
9.629601612687110901e-03
2.906720153987407684e-02
8.676031604409217834e-03
9.352233260869979858e-03
1.025830395519733429e-02
7.031485904008150101e-03
3.742439439520239830e-03
5.960518028587102890e-03
7.521784398704767227e-03
4.383774474263191223e-03
3.967926371842622757e-03
7.315775845199823380e-03
4.812840837985277176e-03
9.770784527063369751e-03
8.704536594450473785e-03
1.611432805657386780e-02
9.444361552596092224e-03
8.358633145689964294e-03
4.479947499930858612e-03
2.534972038120031357e-03
5.437143612653017044e-03
3.633064916357398033e-03
3.958341199904680252e-03
5.101935006678104401e-03
5.386021919548511505e-03
2.084235660731792450e-02
1.832037419080734253e-02
1.361785270273685455e-02
1.928176730871200562e-02
9.887833148241043091e-03
1.488720718771219254e-02
9.865914471447467804e-03
1.185219828039407730e-02
1.492808200418949127e-02
3.018885850906372070e-02
1.406348496675491333e-02
1.887371949851512909e-02
1.443183142691850662e-02
3.799356147646903992e-02
3.924046456813812256e-02
1.459096278995275497e-02
1.302621886134147644e-02
2.225771173834800720e-02
4.056796431541442871e-02
5.178789049386978149e-02
1.650067791342735291e-02
3.289161249995231628e-02
1.016931328922510147e-02
2.069199644029140472e-02
2.460846304893493652e-02
6.514234468340873718e-03
3.945502638816833496e-02
1.604381576180458069e-02
1.964931376278400421e-02
3.815460950136184692e-02
8.668692782521247864e-03
3.959506005048751831e-02
6.845236569643020630e-02
4.640426486730575562e-03
4.864659160375595093e-03
1.305076293647289276e-02
9.173001162707805634e-03
4.386961460113525391e-03
6.034420803189277649e-03
1.604394428431987762e-02
4.060344304889440536e-03
7.187644485384225845e-03
5.057724658399820328e-03
1.057888660579919815e-02
6.880936212837696075e-03
5.312684923410415649e-03
3.813954535871744156e-03
3.774574492126703262e-03
4.695453215390443802e-03
5.244744941592216492e-03
1.086500380188226700e-02
7.064009085297584534e-03
1.049000024795532227e-02
1.296448614448308945e-02
1.091807633638381958e-01
1.432874612510204315e-02
2.161257155239582062e-02
1.437188498675823212e-02
5.575514864176511765e-03
2.414136938750743866e-02
2.326256362721323967e-03
7.146363146603107452e-03
1.285853050649166107e-02
5.879512988030910492e-03
4.534241277724504471e-03
4.946436733007431030e-03
3.748911432921886444e-03
7.380738854408264160e-03
6.976914592087268829e-03
1.357805542647838593e-02
7.033196277916431427e-03
1.585383526980876923e-02
8.676240220665931702e-03
9.060807526111602783e-03
4.530391655862331390e-03
4.359676502645015717e-03
3.349964506924152374e-03
2.731610555201768875e-03
4.820954520255327225e-03
3.125263145193457603e-03
6.008486729115247726e-03
1.036961562931537628e-02
9.530644863843917847e-03
3.344859695062041283e-03
4.888345953077077866e-03
5.797993857413530350e-03
7.063765078783035278e-03
2.714873757213354111e-03
7.653526496142148972e-03
7.531988434493541718e-03
4.487500991672277451e-03
1.670172996819019318e-02
1.276164781302213669e-02
3.885443555191159248e-03
5.271616391837596893e-03
5.879265256226062775e-03
4.826203454285860062e-03
8.326994255185127258e-03
8.561594411730766296e-03
6.008469033986330032e-03
4.422607831656932831e-03
2.998900134116411209e-03
9.864267893135547638e-03
8.420562371611595154e-03
2.815837040543556213e-03
3.371000755578279495e-03
6.945169996470212936e-03
3.226685523986816406e-02
4.353783279657363892e-02
6.779589690268039703e-03
6.702484562993049622e-03
6.890747696161270142e-03
4.393802024424076080e-03
5.088550969958305359e-03
1.166746206581592560e-02
1.144540775567293167e-02
6.569455377757549286e-03
3.517169505357742310e-03
6.005310453474521637e-03
1.888054423034191132e-02
7.479599677026271820e-03
6.119985133409500122e-03
7.237501908093690872e-03
6.983976345509290695e-03
3.780078375712037086e-03
4.272655583918094635e-03
5.688689649105072021e-03
6.438513286411762238e-03
8.319245651364326477e-03
6.865914911031723022e-03
7.596110925078392029e-03
6.933517754077911377e-03
2.079962566494941711e-02
2.245336771011352539e-02
6.361387670040130615e-03
1.436951383948326111e-02
8.504489436745643616e-03
1.372251380234956741e-02
4.783099889755249023e-02
3.103912062942981720e-02
7.667025551199913025e-03
7.851407863199710846e-03
8.105771616101264954e-03
5.215341225266456604e-03
7.500495295971632004e-03
7.983829826116561890e-03
5.814820062369108200e-03
2.292117476463317871e-02
8.834227919578552246e-03
6.329966243356466293e-03
4.660625010728836060e-03
7.489416282624006271e-03
4.366345237940549850e-03
9.235363453626632690e-03
8.130013011395931244e-03
6.531801540404558182e-03
8.500635623931884766e-03
1.442850660532712936e-02
7.904013618826866150e-03
9.271235205233097076e-03
4.505842458456754684e-03
6.909816991537809372e-03
5.305741447955369949e-03
8.043415844440460205e-03
5.843673367053270340e-03
6.093561183661222458e-03
5.184566136449575424e-03
8.016660809516906738e-03
1.167427934706211090e-02
2.973631024360656738e-02
1.100443582981824875e-02
5.110220052301883698e-03
9.470505639910697937e-03
5.264816340059041977e-03
4.915619269013404846e-03
9.917928837239742279e-03
4.338736645877361298e-03
5.367897916585206985e-03
3.149264259263873100e-03
7.148421835154294968e-03
2.389721386134624481e-02
6.223511416465044022e-03
1.138417795300483704e-02
7.516704965382814407e-03
1.172172464430332184e-02
1.248437352478504181e-02
9.020434692502021790e-03
1.051563397049903870e-02
7.353604771196842194e-03
9.472386911511421204e-03
5.513236857950687408e-03
1.931713335216045380e-02
1.759327575564384460e-02
3.035303950309753418e-02
1.616211421787738800e-02
6.236040033400058746e-03
7.626262959092855453e-03
4.068793728947639465e-03
7.371698506176471710e-03
9.528329595923423767e-03
5.341240670531988144e-03
9.304382838308811188e-03
8.656963706016540527e-03
5.205236375331878662e-03
8.670131675899028778e-03
7.324215956032276154e-03
6.581668276339769363e-03
4.307842813432216644e-03
1.237339060753583908e-02
6.794832646846771240e-03
3.447553841397166252e-03
5.082549061626195908e-03
4.676385782659053802e-03
5.203409586101770401e-03
6.824533455073833466e-03
5.197466816753149033e-03
3.918784204870462418e-03
3.827137406915426254e-03
4.767245613038539886e-03
8.158346638083457947e-03
8.714728057384490967e-03
6.871047429740428925e-03
5.872895009815692902e-03
4.282791633158922195e-03
8.744481950998306274e-03
5.817502737045288086e-03
5.631126463413238525e-03
4.807972814887762070e-03
5.144431721419095993e-03
5.860926117748022079e-03
5.498896818608045578e-03
3.730695694684982300e-03
6.454439368098974228e-03
9.048446081578731537e-03
9.583672508597373962e-03
7.041754201054573059e-03
1.274175010621547699e-02
6.444362923502922058e-03
1.398294139653444290e-02
5.848331842571496964e-03
4.176588729023933411e-03
5.889241583645343781e-03
4.051590804010629654e-03
8.789827115833759308e-03
8.792558684945106506e-03
3.930316772311925888e-03
3.403797978535294533e-03
5.129461176693439484e-03
7.419579196721315384e-03
5.576177034527063370e-03
6.200446747243404388e-03
5.803771782666444778e-03
1.221354398876428604e-02
2.195165492594242096e-03
3.382116556167602539e-03
3.794176038354635239e-03
9.904831647872924805e-03
4.902541171759366989e-03
7.046489976346492767e-03
7.330304477363824844e-03
8.649312891066074371e-03
4.395178519189357758e-03
4.390755202621221542e-03
1.330024469643831253e-02
9.018921293318271637e-03
4.896256141364574432e-03
4.227067809551954269e-03
7.714287377893924713e-03
3.921579569578170776e-03
2.921374049037694931e-03
8.228700608015060425e-03
8.643737062811851501e-03
7.094138301908969879e-03
8.616718463599681854e-03
7.867360487580299377e-03
5.932366009801626205e-03
3.832700196653604507e-03
5.745620001107454300e-03
6.797768175601959229e-02
3.175376355648040771e-02
2.035229280591011047e-02
9.932169318199157715e-02
2.017330005764961243e-02
7.593016605824232101e-03
9.672807529568672180e-03
1.666978001594543457e-02
5.384616088122129440e-03
1.378820370882749557e-02
2.695771493017673492e-02
7.398309186100959778e-03
6.540105212479829788e-03
1.289093121886253357e-02
5.326805636286735535e-03
1.195956207811832428e-02
3.997035324573516846e-03
1.025245152413845062e-02
6.221538409590721130e-03
7.984910160303115845e-03
6.538668647408485413e-03
6.276387721300125122e-03
4.240659996867179871e-03
1.068128738552331924e-02
5.610700231045484543e-03
9.493329562246799469e-03
9.812257252633571625e-03
7.939849980175495148e-03
5.279608536511659622e-03
2.018527686595916748e-02
3.411127626895904541e-02
1.763133145868778229e-02
1.613453403115272522e-02
1.683348789811134338e-02
3.630169900134205818e-03
1.585372388362884521e-01
4.113915842026472092e-03
7.507518865168094635e-03
8.721103891730308533e-03
5.293962359428405762e-02
5.240331403911113739e-03
1.298223063349723816e-02
5.023547448217868805e-03
1.974839484319090843e-03
9.390900842845439911e-03
4.331883508712053299e-03
6.754380650818347931e-03
5.055154673755168915e-03
3.394482284784317017e-02
7.593142800033092499e-03
1.275358721613883972e-02
6.868662778288125992e-03
4.640731960535049438e-02
1.438902877271175385e-02
4.549240227788686752e-03
4.602476488798856735e-03
9.166607633233070374e-03
6.339133717119693756e-03
9.697313420474529266e-03
3.229734487831592560e-03
7.633229717612266541e-03
8.545204065740108490e-03
3.596815280616283417e-03
6.045696325600147247e-03
7.478475105017423630e-03
1.051238738000392914e-02
1.007987186312675476e-02
3.870831569656729698e-03
7.280503865331411362e-03
5.383689422160387039e-03
6.658477243036031723e-03
4.332106560468673706e-03
8.254136890172958374e-03
1.013587880879640579e-02
1.297521777451038361e-02
6.601096130907535553e-03
9.565266780555248260e-03
1.124961115419864655e-02
1.874148473143577576e-02
5.813817493617534637e-03
1.384883560240268707e-02
5.465983413159847260e-03
7.899312302470207214e-03
7.499721832573413849e-03
1.628140732645988464e-02
1.319740805774927139e-02
1.629852876067161560e-02
6.778416689485311508e-03
8.764482103288173676e-03
6.704142317175865173e-03
6.255402695387601852e-03
5.000514909625053406e-03
1.331169065088033676e-02
8.501974865794181824e-03
7.692523300647735596e-03
4.841260612010955811e-03
1.056902296841144562e-02
5.393501836806535721e-03
1.213186047971248627e-02
6.540362257510423660e-03
1.260698400437831879e-02
9.397818706929683685e-03
1.623450964689254761e-02
5.867988336831331253e-03
5.314331967383623123e-03
3.100658766925334930e-03
8.640307933092117310e-03
1.811132952570915222e-02
6.297737360000610352e-03
1.877604797482490540e-02
1.160827092826366425e-02
9.470283985137939453e-03
7.966179400682449341e-03
5.069682374596595764e-03
1.498230546712875366e-02
7.510934956371784210e-03
5.011798348277807236e-03
6.228293292224407196e-03
5.150519311428070068e-03
1.141133066266775131e-02
3.318594070151448250e-03
4.359322134405374527e-03
4.605698864907026291e-03
2.247549034655094147e-02
2.057435549795627594e-02
6.186599843204021454e-03
7.574715185910463333e-03
5.955001804977655411e-03
6.962979212403297424e-03
4.331216681748628616e-03
4.724801983684301376e-03
5.629043094813823700e-03
3.061687108129262924e-03
7.594324182718992233e-03
8.733448572456836700e-03
1.028383243829011917e-02
1.106962747871875763e-02
4.993606358766555786e-03
5.596374627202749252e-03
3.773110918700695038e-03
4.195488989353179932e-03
8.624481037259101868e-03
9.567437693476676941e-03
3.812527982518076897e-03
2.695630537346005440e-03
6.199777591973543167e-03
8.237225934863090515e-03
1.088306959718465805e-02
8.455696515738964081e-03
1.658133417367935181e-02
3.810900729149580002e-03
7.988812401890754700e-03
1.304697617888450623e-02
6.708675995469093323e-03
6.187630817294120789e-03
5.261028651148080826e-03
2.954155206680297852e-03
9.675052016973495483e-03
6.127621047198772430e-03
5.152851343154907227e-03
9.710928425192832947e-03
1.109114103019237518e-02
5.470258649438619614e-03
9.485179558396339417e-03
9.628451429307460785e-03
6.926473230123519897e-03
1.463177204132080078e-01
1.094868313521146774e-02
1.444515027105808258e-02
9.639066644012928009e-03
6.622691638767719269e-03
8.073979988694190979e-03
4.423673264682292938e-03
1.808075793087482452e-02
4.870443604886531830e-03
1.758377254009246826e-02
9.279204532504081726e-03
1.192291919142007828e-02
6.501294206827878952e-03
7.090456318110227585e-03
1.517363823950290680e-02
1.184826064854860306e-02
5.522447638213634491e-03
8.187029510736465454e-03
1.135168317705392838e-02
9.767110459506511688e-03
3.479942446574568748e-03
4.294389393180608749e-03
7.446192670613527298e-03
5.273820832371711731e-03
7.739532273262739182e-03
4.956600256264209747e-03
5.236791912466287613e-03
4.494200460612773895e-03
9.909216314554214478e-03
3.028389066457748413e-03
6.925018504261970520e-03
7.743553258478641510e-03
4.309708252549171448e-03
1.216539740562438965e-02
5.816134624183177948e-03
6.983830127865076065e-03
1.555657945573329926e-02
1.552590169012546539e-02
5.818493664264678955e-03
1.168351061642169952e-02
1.538467220962047577e-02
8.607126772403717041e-03
7.508031092584133148e-03
1.313860341906547546e-02
1.192032266408205032e-02
7.594657130539417267e-03
8.483470417559146881e-03
7.174744736403226852e-03
8.369239047169685364e-03
5.749890115112066269e-03
1.171208918094635010e-02
1.092746201902627945e-02
1.858611218631267548e-02
9.616381488740444183e-03
6.550749298185110092e-03
7.014145143330097198e-03
1.232343073934316635e-02
1.738307625055313110e-02
7.743672002106904984e-03
4.354206379503011703e-03
6.163711193948984146e-03
5.556096322834491730e-03
3.974463324993848801e-03
6.051308475434780121e-03
6.062140688300132751e-03
5.972195416688919067e-03
1.845154352486133575e-02
5.705331917852163315e-03
1.646982133388519287e-02
5.952210631221532822e-03
1.094079762697219849e-02
1.695492118597030640e-02
9.281774982810020447e-03
6.513735279440879822e-03
1.561230979859828949e-02
5.472724325954914093e-03
5.491000600159168243e-03
1.367977540940046310e-02
1.970122195780277252e-02
1.018283423036336899e-02
1.518194004893302917e-02
4.742428194731473923e-03
1.756297238171100616e-02
1.172564271837472916e-02
1.163544692099094391e-02
6.578895263373851776e-03
5.465236492455005646e-03
8.640735410153865814e-03
6.487081758677959442e-03
2.286787331104278564e-02
4.519029054790735245e-03
8.843710646033287048e-03
7.010356057435274124e-03
1.152480393648147583e-02
1.089177653193473816e-02
1.154364366084337234e-02
1.129059493541717529e-02
1.155539508908987045e-02
8.028047159314155579e-03
9.367823600769042969e-03
2.097128331661224365e-02
7.813928648829460144e-03
5.068424623459577560e-03
5.809788126498460770e-03
1.686788350343704224e-02
1.462379377335309982e-02
1.681518182158470154e-02
1.359226088970899582e-02
1.386335957795381546e-02
4.633253440260887146e-03
1.297339145094156265e-02
9.586919099092483521e-03
1.313402969390153885e-02
9.490320459008216858e-03
4.367713816463947296e-03
8.379777893424034119e-03
1.429147645831108093e-02
1.689367182552814484e-02
1.971719413995742798e-02
1.233182754367589951e-02
8.062493987381458282e-03
7.130315527319908142e-03
7.274632807821035385e-03
6.824252661317586899e-03
2.705854736268520355e-02
1.407353207468986511e-02
7.592531852424144745e-03
1.043064240366220474e-02
1.078553032130002975e-02
8.932126685976982117e-03
6.837190128862857819e-03
7.242764346301555634e-03
1.216068305075168610e-02
7.429325021803379059e-03
6.084294989705085754e-03
1.497018337249755859e-02
1.296055037528276443e-02
1.335028093308210373e-02
1.272697001695632935e-02
1.137121114879846573e-02
9.987558238208293915e-03
1.982035860419273376e-02
1.492000184953212738e-02
5.737843457609415054e-03
5.028280429542064667e-03
1.318238675594329834e-02
9.566900320351123810e-03
7.203126326203346252e-03
6.950055249035358429e-03
4.989907145500183105e-03
6.564733572304248810e-03
1.239305175840854645e-02
2.102237567305564880e-02
8.536011725664138794e-02
1.613610610365867615e-02
1.158104836940765381e-02
1.007609628140926361e-02
3.222684375941753387e-03
1.114138402044773102e-02
5.671413149684667587e-03
6.225899327546358109e-03
1.323005557060241699e-02
3.656334709376096725e-03
4.776824731379747391e-03
2.847587503492832184e-02
4.304355010390281677e-03
5.011118948459625244e-03
6.844019982963800430e-03
7.992546074092388153e-03
2.714812383055686951e-02
3.858635667711496353e-03
3.785551711916923523e-02
7.891263812780380249e-03
3.014715388417243958e-03
6.291431840509176254e-03
1.330816373229026794e-02
8.314475417137145996e-03
6.774955894798040390e-03
1.790398359298706055e-02
2.850536629557609558e-02
1.304632239043712616e-02
2.689390443265438080e-02
1.709120348095893860e-02
2.537591382861137390e-03
9.593201801180839539e-03
5.268563982099294662e-03
7.344041951000690460e-03
4.423941951245069504e-03
4.116407781839370728e-02
6.544411182403564453e-03
5.169706046581268311e-02
1.360348332673311234e-02
3.031366504728794098e-03
6.478576920926570892e-03
5.547263659536838531e-03
6.970135029405355453e-03
2.621217863634228706e-03
4.694642499089241028e-03
3.941514529287815094e-03
1.115498691797256470e-02
3.161611268296837807e-03
1.379393972456455231e-02
8.912483230233192444e-03
1.132738683372735977e-02
6.980597972869873047e-03
1.063662581145763397e-02
6.798552349209785461e-03
1.022476144134998322e-02
5.719491746276617050e-03
3.357340581715106964e-03
6.127897650003433228e-03
9.033016860485076904e-03
8.426849730312824249e-03
6.087200250476598740e-03
8.120884187519550323e-03
6.436340976506471634e-03
1.169466879218816757e-02
9.756388142704963684e-03
3.699121531099081039e-03
2.163679338991641998e-02
3.869841620326042175e-02
1.879282481968402863e-02
1.993609778583049774e-02
5.671845749020576477e-03
5.459493026137351990e-03
5.084930453449487686e-03
6.061545573174953461e-03
6.737869232892990112e-03
1.340527553111314774e-02
5.141072906553745270e-03
9.793730452656745911e-03
3.262492641806602478e-02
6.521308328956365585e-03
8.859241381287574768e-03
3.191961720585823059e-02
9.509040974080562592e-03
3.252927213907241821e-03
5.256771109998226166e-03
5.778922233730554581e-03
3.509958973154425621e-03
4.677910823374986649e-03
7.107497192919254303e-03
4.179162438958883286e-03
7.789192721247673035e-03
7.669207639992237091e-03
1.723584346473217010e-02
7.995274849236011505e-03
6.261467002332210541e-03
6.645966321229934692e-03
7.096480578184127808e-03
2.962881699204444885e-03
3.225029911845922470e-03
1.559253130108118057e-02
7.856850512325763702e-03
6.166241131722927094e-03
8.162035606801509857e-03
5.022894125431776047e-03
4.730849526822566986e-03
1.184731815010309219e-02
8.646863512694835663e-03
1.827369257807731628e-02
6.159310694783926010e-03
9.146251715719699860e-03
7.395773194730281830e-03
1.971027068793773651e-02
1.679751276969909668e-02
1.040931977331638336e-02
1.053134724497795105e-02
9.382487274706363678e-03
6.535767577588558197e-03
5.550473462790250778e-03
9.364622645080089569e-03
8.789242245256900787e-03
5.051017738878726959e-03
7.765095215290784836e-03
9.506909176707267761e-03
7.715479936450719833e-03
6.563426461070775986e-03
2.722742967307567596e-03
9.671949781477451324e-03
1.178090739995241165e-02
9.713886305689811707e-03
3.838240867480635643e-03
7.354507222771644592e-03
8.500693365931510925e-03
4.305163398385047913e-03
5.467980168759822845e-03
4.142175428569316864e-03
3.783678403124213219e-03
5.914121400564908981e-03
6.177578121423721313e-03
8.417571894824504852e-03
5.458894651383161545e-03
6.779148243367671967e-03
5.694390274584293365e-03
4.133240319788455963e-03
8.329987525939941406e-03
1.162065844982862473e-02
9.105809032917022705e-03
1.015493832528591156e-02
9.168745949864387512e-03
7.951049134135246277e-03
2.990049077197909355e-03
9.799072518944740295e-03
8.684842847287654877e-03
7.742261048406362534e-03
8.203160949051380157e-03
1.010552421212196350e-02
1.098258886486291885e-02
9.723950177431106567e-03
8.564342744648456573e-03
1.247367169708013535e-02
8.306818082928657532e-03
3.976969514042139053e-03
1.141871884465217590e-02
5.128575023263692856e-03
6.099344231188297272e-03
3.327317768707871437e-03
4.500996321439743042e-03
5.569959059357643127e-03
6.404950749129056931e-03
3.273558337241411209e-03
7.490737363696098328e-03
8.164106868207454681e-03
9.364899247884750366e-03
1.667622663080692291e-02
2.078325301408767700e-02
3.999224305152893066e-02
1.185382902622222900e-02
4.799954593181610107e-03
7.790064904838800430e-03
7.141044363379478455e-03
1.099684741348028183e-02
1.102873682975769043e-02
3.079803893342614174e-03
4.016564227640628815e-03
6.650326773524284363e-03
1.257868204265832901e-02
1.749873533844947815e-02
1.300183776766061783e-02
5.673076026141643524e-03
3.910788334906101227e-03
4.225748404860496521e-02
9.178109467029571533e-03
3.075695130974054337e-03
1.724905520677566528e-02
5.232483148574829102e-03
2.476546168327331543e-02
9.596049785614013672e-03
5.416868254542350769e-03
7.659043185412883759e-03
1.325464714318513870e-02
1.461706310510635376e-02
6.438562646508216858e-03
7.917486131191253662e-03
9.161171503365039825e-03
1.334813330322504044e-02
6.053074263036251068e-03
6.956841330975294113e-03
6.924447137862443924e-03
3.158389823511242867e-03
9.051389992237091064e-03
6.645972840487957001e-03
1.123131811618804932e-01
4.077258706092834473e-02
8.322025835514068604e-02
1.951744779944419861e-02
1.764942705631256104e-02
8.794032968580722809e-03
7.718377746641635895e-03
4.971758462488651276e-03
3.287154808640480042e-02
6.859984248876571655e-03
2.439089491963386536e-02
1.436422206461429596e-02
8.197497576475143433e-03
1.397782377898693085e-02
7.794362492859363556e-03
5.602925550192594528e-03
1.765039935708045959e-02
1.550865825265645981e-02
1.804790273308753967e-02
6.145098712295293808e-03
4.887215327471494675e-03
1.417790912091732025e-02
1.164014451205730438e-02
9.588883258402347565e-03
6.432402878999710083e-03
7.097502239048480988e-03
6.501099094748497009e-03
7.780452258884906769e-03
3.939789533615112305e-02
1.513647381216287613e-02
7.755903992801904678e-03
8.771203458309173584e-03
5.210221279412508011e-03
9.327184408903121948e-03
6.202426739037036896e-03
8.490317501127719879e-03
8.032996207475662231e-03
4.949355497956275940e-03
5.422005429863929749e-03
9.307870641350746155e-03
4.683182574808597565e-03
5.065102130174636841e-03
1.485326513648033142e-02
9.722461923956871033e-03
5.831466056406497955e-03
1.239862851798534393e-02
5.203805863857269287e-03
8.037088438868522644e-03
1.764652878046035767e-02
1.071758568286895752e-02
4.309081472456455231e-03
6.684923544526100159e-03
5.223797634243965149e-03
9.940537624061107635e-03
8.894065394997596741e-03
7.963581010699272156e-03
6.863395217806100845e-03
7.727819494903087616e-03
4.202142823487520218e-03
7.623835466802120209e-03
4.504173528403043747e-03
7.506048772484064102e-03
6.223041098564863205e-03
1.400803122669458389e-02
8.556614629924297333e-03
1.552379783242940903e-02
1.520678959786891937e-02
1.731975376605987549e-02
4.304624162614345551e-03
1.639855839312076569e-02
2.311853691935539246e-02
1.294311508536338806e-02
7.895392365753650665e-03
2.528299018740653992e-02
7.472539320588111877e-03
9.024434722959995270e-03
3.624881152063608170e-03
2.397945895791053772e-02
6.940133869647979736e-03
5.637011025100946426e-03
6.743706297129392624e-03
5.606064572930335999e-03
9.774695150554180145e-03
7.157555781304836273e-03
1.131157577037811279e-02
6.770576350390911102e-03
4.355234280228614807e-02
2.333136508241295815e-03
6.546414457261562347e-03
8.571363054215908051e-03
8.802430704236030579e-03
1.709430664777755737e-02
9.635923430323600769e-03
9.233538992702960968e-03
1.730669289827346802e-02
9.806833229959011078e-03
2.088233456015586853e-02
7.579445373266935349e-03
1.205164939165115356e-02
1.935703214257955551e-03
6.230413913726806641e-03
6.931276991963386536e-03
1.107025332748889923e-02
5.745864473283290863e-03
3.209390863776206970e-02
8.940684609115123749e-03
9.105310775339603424e-03
4.140774719417095184e-03
6.731364410370588303e-03
6.499565206468105316e-03
1.010418590158224106e-02
8.181918412446975708e-03
4.653704818338155746e-03
6.549141369760036469e-03
5.360145121812820435e-03
1.042457483708858490e-02
5.697770044207572937e-03
9.555654600262641907e-03
7.219150662422180176e-03
6.494923029094934464e-03
2.725813537836074829e-03
3.337733214721083641e-03
5.244258325546979904e-03
8.803189732134342194e-03
5.189035553485155106e-03
6.062150932848453522e-03
5.877799354493618011e-03
4.116930067539215088e-03
5.493484903126955032e-03
5.521578248590230942e-03
3.944617696106433868e-03
3.120834706351161003e-03
7.390565238893032074e-03
5.462512373924255371e-03
4.393960814923048019e-03
3.849229309707880020e-03
5.463811103254556656e-03
7.168874610215425491e-03
9.065186604857444763e-03
3.174709388986229897e-03
1.189973950386047363e-02
4.580501466989517212e-03
6.659629754722118378e-03
6.931864190846681595e-03
1.162278000265359879e-02
8.825527504086494446e-03
4.461657255887985229e-03
3.402527421712875366e-03
5.502389743924140930e-03
1.103661581873893738e-02
6.084159947931766510e-03
5.509166512638330460e-03
5.502801388502120972e-03
6.541329436004161835e-03
8.050232194364070892e-03
5.469959694892168045e-03
1.599296741187572479e-02
1.050717476755380630e-02
5.951372906565666199e-03
9.335188195109367371e-03
1.286051701754331589e-02
2.729402109980583191e-02
4.007279127836227417e-02
1.876082643866539001e-02
5.503442138433456421e-03
5.826029926538467407e-03
5.542638711631298065e-03
2.586612477898597717e-03
5.087942350655794144e-03
6.035129074007272720e-03
8.564392104744911194e-03
7.313557434827089310e-03
5.153181031346321106e-03
1.820290274918079376e-02
4.510168917477130890e-03
7.156012579798698425e-03
3.353467211127281189e-03
5.737591534852981567e-03
5.848751403391361237e-03
1.147984433919191360e-02
7.491232361644506454e-03
5.654709879308938980e-03
4.716803785413503647e-03
5.057776346802711487e-03
1.077135838568210602e-02
5.097021814435720444e-03
6.789838895201683044e-03
6.584750488400459290e-03
9.925373829901218414e-03
7.075509522110223770e-03
4.426772706210613251e-03
4.883962683379650116e-03
4.548466764390468597e-03
4.160715732723474503e-03
3.539290651679039001e-02
7.685344666242599487e-03
4.438789933919906616e-02
4.733239114284515381e-02
7.397208362817764282e-03
1.279070693999528885e-02
7.152226287871599197e-03
5.727346986532211304e-03
3.775491844862699509e-03
3.607036080211400986e-03
1.212957035750150681e-02
2.366277156397700310e-03
3.196335397660732269e-03
1.582141034305095673e-02
8.472214452922344208e-03
9.639360010623931885e-03
1.130247209221124649e-02
2.337121777236461639e-02
1.952300220727920532e-02
1.282003615051507950e-02
1.958765275776386261e-02
6.343133281916379929e-03
9.511096403002738953e-03
7.826062850654125214e-03
8.943513967096805573e-03
8.174665272235870361e-03
4.773112013936042786e-03
8.681399747729301453e-03
1.273443177342414856e-02
6.784161552786827087e-03
7.314985152333974838e-03
5.962116643786430359e-03
2.557368017733097076e-03
5.988294724375009537e-03
7.529397960752248764e-03
5.021153949201107025e-03
9.565584361553192139e-03
4.362388048321008682e-03
7.170591969043016434e-03
5.627346690744161606e-03
7.955739274621009827e-03
3.472456475719809532e-03
2.742384746670722961e-02
1.150102261453866959e-02
1.101871766149997711e-02
6.838256493210792542e-03
4.325467627495527267e-03
6.239605136215686798e-03
3.719352185726165771e-03
5.960694514214992523e-03
5.451917648315429688e-03
3.654599888250231743e-03
6.907589733600616455e-03
7.992780767381191254e-03
8.340682834386825562e-03
3.632986918091773987e-03
5.507811438292264938e-03
5.181320477277040482e-03
4.752956796437501907e-03
1.769568584859371185e-02
5.101016722619533539e-03
7.794314995408058167e-03
3.076576394960284233e-03
2.088496461510658264e-03
4.442445002496242523e-03
1.243559643626213074e-02
4.541005007922649384e-03
1.020498294383287430e-02
4.236864391714334488e-03
4.772842396050691605e-03
1.300496701151132584e-02
2.599783940240740776e-03
5.088365636765956879e-03
8.795934729278087616e-03
3.710068995133042336e-03
1.368556357920169830e-02
8.320341818034648895e-03
7.408954668790102005e-03
7.569457404315471649e-03
7.138093933463096619e-03
4.709611181169748306e-03
8.792996406555175781e-03
3.728310111910104752e-03
5.188917275518178940e-03
4.433656483888626099e-02
2.513881586492061615e-02
1.258989609777927399e-02
8.428291417658329010e-03
1.555481366813182831e-02
2.385222166776657104e-02
9.336906485259532928e-03
3.979054279625415802e-03
2.701898803934454918e-03
1.121164020150899887e-02
1.113744825124740601e-02
9.266329929232597351e-03
9.848424233496189117e-03
5.811463110148906708e-03
6.449585314840078354e-03
3.350014798343181610e-03
8.119054138660430908e-03
8.251249790191650391e-03
8.410681039094924927e-03
8.481580764055252075e-03
6.317638792097568512e-03
7.710735313594341278e-03
6.918085739016532898e-03
5.791270174086093903e-03
1.338417641818523407e-02
1.389836799353361130e-02
6.328853778541088104e-03
4.325772635638713837e-03
8.691288530826568604e-03
4.902788437902927399e-03
1.823614165186882019e-02
4.200712777674198151e-03
5.958727095276117325e-03
8.250205777585506439e-03
4.776805639266967773e-02
3.893559798598289490e-03
1.311247143894433975e-02
1.023053657263517380e-02
1.048159878700971603e-02
6.657328456640243530e-03
5.799812264740467072e-03
2.255071513354778290e-02
1.242925040423870087e-02
6.180393975228071213e-03
4.241700749844312668e-03
6.708233617246150970e-03
4.255995154380798340e-03
8.951970376074314117e-03
1.716619543731212616e-02
5.236261524260044098e-03
3.405449911952018738e-03
1.320033706724643707e-02
1.479519531130790710e-02
5.745116621255874634e-03
8.807238191366195679e-03
5.187269765883684158e-03
4.680083598941564560e-03
7.123893592506647110e-03
3.832391928881406784e-03
8.355321362614631653e-03
1.225859392434358597e-02
6.269213743507862091e-03
8.043661713600158691e-03
1.329655572772026062e-02
1.030924730002880096e-02
1.028568297624588013e-02
6.132084876298904419e-03
6.789658218622207642e-03
6.173315457999706268e-03
4.610366653650999069e-03
3.156458726152777672e-03
4.597861319780349731e-03
3.883892437443137169e-03
4.061353951692581177e-02
1.257190946489572525e-02
1.987247355282306671e-02
1.981515064835548401e-02
1.719423383474349976e-02
1.009653136134147644e-02
5.044774152338504791e-03
4.293919075280427933e-03
4.966122098267078400e-03
2.736799651756882668e-03
1.592861488461494446e-02
6.695605814456939697e-03
3.523764666169881821e-03
2.899741986766457558e-03
2.985231578350067139e-03
4.614626523107290268e-03
1.356942765414714813e-02
6.769825704395771027e-03
7.994951680302619934e-03
1.335556991398334503e-02
4.405888728797435760e-03
9.768926538527011871e-03
6.146749015897512436e-03
5.431407131254673004e-03
4.385482519865036011e-03
5.150146316736936569e-03
7.292957510799169540e-03
1.002368610352277756e-02
4.938032943755388260e-03
5.219263490289449692e-03
5.762868560850620270e-03
5.366034340113401413e-03
6.738343276083469391e-03
7.633280940353870392e-03
6.991105154156684875e-03
7.221989333629608154e-03
5.965743213891983032e-03
5.741457920521497726e-03
7.944656535983085632e-03
3.371038008481264114e-03
6.757524795830249786e-03
6.976298522204160690e-03
5.473691970109939575e-03
8.252572268247604370e-03
8.469199761748313904e-03
5.208492279052734375e-03
4.609130788594484329e-03
8.121344260871410370e-03
1.354700699448585510e-02
2.202045172452926636e-02
2.034509181976318359e-02
2.662617713212966919e-02
1.642605662345886230e-02
1.805984973907470703e-02
1.927435770630836487e-02
1.696417666971683502e-02
1.881350576877593994e-02
1.605480164289474487e-02
1.638236641883850098e-02
1.937446370720863342e-02
1.753276027739048004e-02
1.119940355420112610e-02
1.056027971208095551e-02
8.167898282408714294e-03
5.801618564873933792e-03
3.121823072433471680e-03
5.579562857747077942e-03
3.591540502384305000e-03
3.345510456711053848e-03
2.192870713770389557e-03
4.482975695282220840e-03
6.004751194268465042e-03
7.989784702658653259e-03
3.423894941806793213e-02
6.838015280663967133e-03
4.641264677047729492e-03
2.345419861376285553e-02
3.934121690690517426e-03
3.655749373137950897e-03
5.381975322961807251e-03
2.547170966863632202e-03
4.659200087189674377e-03
2.556817978620529175e-02
9.832656010985374451e-03
3.887468716129660606e-03
4.947052802890539169e-03
9.659256786108016968e-03
6.249929778277873993e-03
4.559361841529607773e-03
6.151681765913963318e-03
4.899292718619108200e-03
4.691389389336109161e-03
5.775815807282924652e-03
5.015239585191011429e-03
4.348938167095184326e-02
1.864872686564922333e-02
1.163514424115419388e-02
7.575017400085926056e-03
7.318965625017881393e-03
1.408898271620273590e-02
3.915507346391677856e-03
6.967586465179920197e-03
1.111566089093685150e-02
5.621226970106363297e-03
4.906115587800741196e-03
5.061089992523193359e-03
8.471737615764141083e-03
3.851684741675853729e-03
1.342970319092273712e-02
6.465582177042961121e-03
3.900860203430056572e-03
1.163660176098346710e-02
1.389239355921745300e-02
1.261471807956695557e-01
4.602356255054473877e-02
2.112153470516204834e-01
2.851670384407043457e-01
2.782261371612548828e-01
2.983305454254150391e-01
2.647608220577239990e-01
1.765217930078506470e-01
1.800575852394104004e-01
2.512170672416687012e-01
2.534712255001068115e-01
3.021482825279235840e-01
3.086577653884887695e-01
3.655044138431549072e-01
1.580299139022827148e-01
2.678287923336029053e-01
2.266481369733810425e-01
9.987647831439971924e-02
9.976607561111450195e-02
2.043060213327407837e-01
2.456117570400238037e-01
3.836124241352081299e-01
3.655160069465637207e-01
2.093293517827987671e-01
1.909034848213195801e-01
3.243700563907623291e-01
2.214768081903457642e-01
9.091703593730926514e-02
2.086216509342193604e-01
2.298480570316314697e-01
2.985951304435729980e-01
3.147385418415069580e-01
3.476966619491577148e-01
2.874244153499603271e-01
1.633400022983551025e-01
2.207157611846923828e-01
1.973229348659515381e-01
1.100798919796943665e-01
2.339399755001068115e-01
2.076458036899566650e-01
2.939120233058929443e-01
3.223839104175567627e-01
3.022581934928894043e-01
3.439671993255615234e-01
2.496420592069625854e-01
2.613610923290252686e-01
1.626861095428466797e-01
1.743038892745971680e-01
2.302145212888717651e-01
2.666142284870147705e-01
3.133410513401031494e-01
2.741126120090484619e-01
3.043385148048400879e-01
3.457769155502319336e-01
1.633318364620208740e-01
2.217617332935333252e-01
2.206019163131713867e-01
2.536299824714660645e-01
2.049316316843032837e-01
2.452666610479354858e-01
3.039508461952209473e-01
3.161725997924804688e-01
2.533442378044128418e-01
1.851944029331207275e-01
1.402983069419860840e-01
2.349268794059753418e-01
3.122393190860748291e-01
3.707976639270782471e-01
2.454027384519577026e-01
2.483345419168472290e-01
2.915038466453552246e-01
3.120299875736236572e-01
1.280788779258728027e-01
2.991625070571899414e-01
2.585871517658233643e-01
3.006225526332855225e-01
2.758544087409973145e-01
2.246919423341751099e-01
3.528928160667419434e-01
3.468316495418548584e-01
1.037687212228775024e-01
1.843096017837524414e-01
2.097288668155670166e-01
2.978928089141845703e-01
2.874107062816619873e-01
2.936612963676452637e-01
1.317949742078781128e-01
2.213288247585296631e-01
1.676776111125946045e-01
4.003786146640777588e-01
3.522846400737762451e-01
2.590889930725097656e-01
2.847698330879211426e-01
3.588892221450805664e-01
1.616827845573425293e-01
3.157492578029632568e-01
3.917545080184936523e-01
1.558063775300979614e-01
2.991096377372741699e-01
2.875759899616241455e-01
3.164989650249481201e-01
3.280688226222991943e-01
3.612582087516784668e-01
2.626278102397918701e-01
2.184262573719024658e-01
2.111594974994659424e-01
2.492206841707229614e-01
2.625524997711181641e-01
2.501618564128875732e-01
3.384771943092346191e-01
3.768805265426635742e-01
3.570713996887207031e-01
2.068551331758499146e-01
1.868981420993804932e-01
1.575570106506347656e-01
1.152095422148704529e-01
2.596746683120727539e-01
2.235094606876373291e-01
2.390086799860000610e-01
2.986848950386047363e-01
2.853101491928100586e-01
2.956897318363189697e-01
4.523823559284210205e-01
2.272524386644363403e-01
1.791758239269256592e-01
2.404459863901138306e-01
2.183346748352050781e-01
2.450788617134094238e-01
3.256494402885437012e-01
2.058453559875488281e-01
2.376192063093185425e-01
2.538252174854278564e-01
1.314014792442321777e-01
1.365721225738525391e-01
2.745711803436279297e-01
2.763452529907226562e-01
2.509073317050933838e-01
3.292587995529174805e-01
3.663233220577239990e-01
1.603093445301055908e-01
3.705700635910034180e-01
1.744201034307479858e-01
1.735029518604278564e-01
2.167169898748397827e-01
2.184230387210845947e-01
3.092952668666839600e-01
2.776924073696136475e-01
2.186362594366073608e-01
1.424620449542999268e-01
2.678597569465637207e-01
2.288735359907150269e-01
8.244908601045608521e-02
1.069706231355667114e-01
2.599053084850311279e-01
3.459697663784027100e-01
1.523993313312530518e-01
2.710195779800415039e-01
2.944087088108062744e-01
3.442877233028411865e-01
8.517616987228393555e-02
2.593395113945007324e-01
2.015039026737213135e-01
2.007728368043899536e-01
2.322136312723159790e-01
2.630148828029632568e-01
2.366071045398712158e-01
2.581503391265869141e-01
3.123861849308013916e-01
2.493019104003906250e-01
3.211427330970764160e-01
2.018982619047164917e-01
1.535122096538543701e-01
2.111429572105407715e-01
2.055018246173858643e-01
2.000325769186019897e-01
2.652308940887451172e-01
3.218041360378265381e-01
1.685023605823516846e-01
1.077123284339904785e-01
1.871314048767089844e-01
6.663735955953598022e-02
2.894851379096508026e-02
2.959857881069183350e-02
3.802880272269248962e-02
1.158442534506320953e-02
2.077373117208480835e-02
1.237497385591268539e-02
2.707566134631633759e-02
9.376045316457748413e-03
8.097959682345390320e-03
6.426277104765176773e-03
6.422928534448146820e-03
6.428299937397241592e-03
1.911023445427417755e-02
1.219219341874122620e-02
1.820743270218372345e-02
7.948882877826690674e-03
2.367093041539192200e-02
7.828471250832080841e-03
5.954497959464788437e-03
1.467682607471942902e-02
1.488138921558856964e-02
1.042762026190757751e-02
6.810181308537721634e-03
1.689995080232620239e-02
8.590209297835826874e-03
1.182393543422222137e-02
1.093026064336299896e-02
7.427460979670286179e-03
6.472476758062839508e-03
5.958382971584796906e-03
1.147313695400953293e-02
1.417888328433036804e-02
7.875932380557060242e-03
5.811519455164670944e-03
4.525170661509037018e-03
5.383506417274475098e-03
5.487896036356687546e-03
6.676575634628534317e-03
4.681347869336605072e-03
7.812543772161006927e-03
9.568467736244201660e-03
4.994103685021400452e-02
2.062027528882026672e-02
9.743727743625640869e-03
1.567310281097888947e-02
1.532234717160463333e-02
1.184875052422285080e-02
4.512837156653404236e-03
5.138379987329244614e-03
1.181455422192811966e-02
1.163066737353801727e-02
6.073455326259136200e-03
4.623162094503641129e-03
1.234143693000078201e-02
3.555146744474768639e-03
5.113303661346435547e-03
1.213460881263017654e-02
4.710591211915016174e-02
6.047578528523445129e-03
1.062268204987049103e-02
5.202095489948987961e-03
7.364314049482345581e-03
2.793238032609224319e-03
6.291176192462444305e-03
3.031023405492305756e-02
2.558528259396553040e-02
7.044996134936809540e-03
3.653995320200920105e-02
1.448396034538745880e-02
3.303137607872486115e-03
5.010636057704687119e-03
1.787984184920787811e-02
1.444053649902343750e-02
4.645833745598793030e-03
3.676800522953271866e-03
1.392736472189426422e-02
1.036302838474512100e-02
3.960546106100082397e-03
1.258136145770549774e-02
6.521952338516712189e-03
1.115406304597854614e-02
4.309196770191192627e-02
1.128377206623554230e-02
6.449527107179164886e-03
4.904326982796192169e-03
9.133747778832912445e-03
8.954790420830249786e-03
1.898468937724828720e-03
2.714507281780242920e-03
6.191350053995847702e-03
5.100204609334468842e-03
9.335306473076343536e-03
4.486652091145515442e-03
5.396379157900810242e-03
1.263786572962999344e-02
4.791299346834421158e-03
5.412935279309749603e-03
7.099349051713943481e-03
6.550964433699846268e-03
6.186087615787982941e-03
4.099435638636350632e-03
5.631237290799617767e-03
8.206066675484180450e-03
2.599825561046600342e-01
7.421558722853660583e-03
5.433709360659122467e-03
1.350605767220258713e-02
6.704958621412515640e-03
8.759934455156326294e-03
4.541437607258558273e-03
8.106326684355735779e-03
6.205344107002019882e-03
3.582051396369934082e-02
6.232888251543045044e-02
4.765015095472335815e-02
3.726726770401000977e-02
4.809896647930145264e-02
6.063387542963027954e-02
4.264671355485916138e-02
3.289894387125968933e-02
4.709120839834213257e-02
5.108639597892761230e-02
6.084724515676498413e-02
4.279591888189315796e-02
8.307011425495147705e-02
4.214174672961235046e-02
4.736841470003128052e-02
6.167715787887573242e-02
3.623295575380325317e-02
7.879677414894104004e-02
4.360343143343925476e-02
5.053470656275749207e-02
5.158543214201927185e-02
4.825408011674880981e-02
5.593958497047424316e-02
7.947386801242828369e-02
4.044885933399200439e-02
4.655803740024566650e-02
4.462073743343353271e-02
4.962805658578872681e-02
4.580838233232498169e-02
5.179179459810256958e-02
6.705898791551589966e-02
4.857579246163368225e-02
6.176819652318954468e-02
4.374270886182785034e-02
6.583857536315917969e-02
6.592988967895507812e-02
4.892140626907348633e-02
7.866753637790679932e-02
4.347930103540420532e-02
8.842682838439941406e-02
3.729553893208503723e-02
5.618967115879058838e-02
6.890801340341567993e-02
8.555916696786880493e-02
4.789186641573905945e-02
3.682328388094902039e-02
4.923442006111145020e-02
4.420423507690429688e-02
7.273205369710922241e-02
6.487128883600234985e-02
3.280878067016601562e-02
5.902673676609992981e-02
6.461751461029052734e-02
3.929125517606735229e-02
7.190698385238647461e-02
2.514376863837242126e-02
7.497556507587432861e-02
1.693752035498619080e-02
4.179686307907104492e-02
5.454060062766075134e-02
4.706818237900733948e-02
5.094272643327713013e-02
7.563222944736480713e-02
9.517596662044525146e-02
8.408841490745544434e-02
8.570463210344314575e-02
9.232403337955474854e-02
9.029211848974227905e-02
9.459514170885086060e-02
7.153110206127166748e-02
8.351466804742813110e-02
8.477097004652023315e-02
1.025601178407669067e-01
6.988760828971862793e-02
7.626644521951675415e-02
8.919467031955718994e-02
9.033538401126861572e-02
8.079376816749572754e-02
8.360747992992401123e-02
8.502423763275146484e-02
8.696403354406356812e-02
4.385853186249732971e-02
5.432957783341407776e-02
5.918350815773010254e-02
3.096411377191543579e-02
6.891892105340957642e-02
6.388657540082931519e-02
6.822814047336578369e-02
8.354036509990692139e-02
8.719800412654876709e-02
9.461981058120727539e-02
7.763252407312393188e-02
7.378450036048889160e-02
8.419179916381835938e-02
7.574538886547088623e-02
7.666348665952682495e-02
8.046013116836547852e-02
8.773813396692276001e-02
7.826122641563415527e-02
8.119239658117294312e-02
7.716478407382965088e-02
8.796630054712295532e-02
8.003021031618118286e-02
8.228037506341934204e-02
8.449365198612213135e-02
8.901515603065490723e-02
9.713037312030792236e-02
9.661409258842468262e-02
9.610073268413543701e-02
7.135105133056640625e-02
8.595993369817733765e-02
9.001112729310989380e-02
8.587995171546936035e-02
8.494412899017333984e-02
8.301792293787002563e-02
9.656689316034317017e-02
8.623085170984268188e-02
9.746811538934707642e-02
8.265808969736099243e-02
6.930913031101226807e-02
8.679343760013580322e-02
6.862999498844146729e-02
7.928612828254699707e-02
9.011313319206237793e-02
9.628824889659881592e-02
9.781405329704284668e-02
1.056935489177703857e-01
8.269426971673965454e-02
8.242421597242355347e-02
4.750105738639831543e-02
6.610745191574096680e-02
5.651367828249931335e-02
9.073551744222640991e-02
7.933562248945236206e-02
9.066998213529586792e-02
8.266409486532211304e-02
9.708964824676513672e-02
1.055712476372718811e-01
1.187585592269897461e-01
8.550006896257400513e-02
1.000992879271507263e-01
9.802387654781341553e-02
7.866244018077850342e-02
5.625139921903610229e-02
2.062084153294563293e-02
8.734937757253646851e-03
4.598255269229412079e-03
6.353593897074460983e-03
3.235296579077839851e-03
9.231401607394218445e-03
6.692685652524232864e-03
1.018599048256874084e-02
6.722197867929935455e-03
4.301303252577781677e-02
1.271052807569503784e-01
6.423734128475189209e-02
4.056028276681900024e-02
9.534254670143127441e-02
1.077338233590126038e-01
8.248325437307357788e-02
6.634923815727233887e-02
7.161808758974075317e-02
7.179415225982666016e-02
6.863921135663986206e-02
2.626907639205455780e-02
3.995574638247489929e-02
1.665940508246421814e-02
5.612761899828910828e-02
1.027235016226768494e-01
1.074688509106636047e-02
6.568867247551679611e-03
7.540999911725521088e-03
3.932273946702480316e-03
6.427129730582237244e-03
3.893319051712751389e-03
6.856510415673255920e-03
5.677613429725170135e-03
2.741160802543163300e-03
3.093012608587741852e-03
7.366732507944107056e-02
2.966208942234516144e-02
4.031019657850265503e-02
4.684966057538986206e-02
2.359855547547340393e-02
4.020699858665466309e-02
1.349758207798004150e-01
1.510130763053894043e-01
8.741170167922973633e-02
7.376179099082946777e-02
5.856648087501525879e-02
5.036073178052902222e-02
6.084490567445755005e-02
1.721629872918128967e-02
9.460593573749065399e-03
9.320321492850780487e-03
5.547366570681333542e-03
6.188160739839076996e-03
6.051248405128717422e-03
