3.049340099096298218e-03
1.241550082340836525e-03
3.087825840339064598e-03
2.082573017105460167e-03
1.810886431485414505e-03
3.423785325139760971e-03
4.886438138782978058e-03
4.335328936576843262e-03
1.998393796384334564e-03
5.521303974092006683e-03
2.903925953432917595e-03
2.924013184383511543e-03
3.664646763354539871e-03
4.111185204237699509e-03
1.620816532522439957e-03
1.959168119356036186e-03
2.452350221574306488e-03
2.255375729873776436e-03
2.638166770339012146e-03
2.539003267884254456e-03
2.428798470646142960e-03
1.217946875840425491e-03
1.310853986069560051e-03
9.833769872784614563e-04
2.709789434447884560e-03
2.127846004441380501e-03
1.118201529607176781e-03
8.888423326425254345e-04
1.224712468683719635e-03
1.211487106047570705e-03
1.027350663207471371e-03
5.720658693462610245e-03
1.185200177133083344e-03
1.020667259581387043e-03
1.930100843310356140e-03
7.986684329807758331e-03
1.790510374121367931e-03
2.291032345965504646e-03
3.583904355764389038e-03
1.181040541268885136e-03
1.509514637291431427e-03
2.713698660954833031e-03
1.417246065102517605e-03
1.026780577376484871e-03
1.718852436169981956e-03
1.086756819859147072e-03
3.057665890082716942e-03
1.996034989133477211e-03
1.104517723433673382e-03
1.315161236561834812e-03
2.961549907922744751e-03
3.835126291960477829e-03
3.506226930767297745e-03
1.512725139036774635e-03
2.364249667152762413e-03
2.748477971181273460e-03
1.186133944429457188e-03
1.164500601589679718e-03
2.251474419608712196e-03
3.233754774555563927e-03
1.812852104194462299e-03
1.607051701284945011e-03
1.329427468590438366e-03
1.529118162579834461e-03
6.236138753592967987e-03
1.870293635874986649e-03
2.229917794466018677e-03
2.021532971411943436e-03
2.500826492905616760e-03
1.553369569592177868e-03
1.228580018505454063e-03
3.329507308080792427e-03
2.511753235012292862e-03
2.883752109482884407e-03
4.188762977719306946e-03
2.467646496370434761e-03
1.998070627450942993e-03
2.014906611293554306e-03
2.521724207326769829e-03
1.921574119478464127e-03
2.173593966290354729e-03
1.883867196738719940e-03
2.861178247258067131e-03
1.883227378129959106e-03
2.083636820316314697e-03
1.955110114067792892e-03
3.837158437818288803e-03
1.920580049045383930e-03
2.202623756602406502e-03
1.603735028766095638e-03
5.683392751961946487e-03
7.195543963462114334e-03
1.861747237853705883e-03
2.580319764092564583e-03
2.910978160798549652e-03
1.407568110153079033e-03
1.490637543611228466e-03
2.284965245053172112e-03
1.916178502142429352e-03
2.793106483295559883e-03
1.590076484717428684e-03
3.807839937508106232e-03
3.683342598378658295e-03
4.095476586371660233e-03
5.809643189422786236e-04
8.417839999310672283e-04
4.219364840537309647e-03
2.258406253531575203e-03
8.104717358946800232e-03
2.837365027517080307e-03
1.419728854671120644e-03
1.498567056842148304e-03
6.538140587508678436e-04
1.229026936925947666e-03
1.226581633090972900e-02
6.024295464158058167e-03
2.011019736528396606e-03
1.567963277921080589e-03
1.256127376109361649e-03
2.005100948736071587e-03
1.513590221293270588e-03
1.822524121962487698e-03
8.688362431712448597e-04
6.683985120616853237e-04
9.527940419502556324e-04
3.756235586479306221e-03
1.533921808004379272e-03
1.128994044847786427e-03
3.852013964205980301e-03
1.452482421882450581e-03
1.884466386400163174e-03
1.953291008248925209e-03
2.744272351264953613e-03
1.292758039198815823e-03
2.811751561239361763e-03
4.028213676065206528e-03
3.480109618976712227e-03
1.020427094772458076e-03
2.740158699452877045e-03
2.033308614045381546e-03
1.564208231866359711e-02
1.160179963335394859e-03
3.456342965364456177e-03
5.183377768844366074e-03
1.301253563724458218e-03
3.187627298757433891e-03
1.131380498409271240e-01
1.895202323794364929e-03
1.141439890488982201e-03
3.044430864974856377e-03
1.836444716900587082e-03
2.175624715164303780e-03
2.142624231055378914e-03
5.213519092649221420e-03
1.245248247869312763e-03
2.439785515889525414e-03
3.029538318514823914e-03
7.349773077294230461e-04
2.794532803818583488e-03
6.363401189446449280e-04
2.798224333673715591e-03
8.343569934368133545e-04
1.691502402536571026e-03
1.665996620431542397e-03
1.173654804006218910e-03
1.597404363565146923e-03
1.031144987791776657e-03
1.053582062013447285e-03
6.619414198212325573e-04
1.040162984281778336e-03
1.799700199626386166e-03
1.394854858517646790e-03
1.174218370579183102e-03
1.511447480879724026e-03
8.365682442672550678e-04
2.552268095314502716e-03
1.127263065427541733e-03
3.617769805714488029e-03
1.240379060618579388e-03
1.512943767011165619e-03
2.155706752091646194e-03
1.310892635956406593e-03
1.526418258436024189e-03
1.186359091661870480e-03
1.018104027025401592e-03
1.477871323004364967e-03
2.204963471740484238e-03
2.182183554396033287e-03
5.798866623081266880e-04
8.543254225514829159e-04
1.657917746342718601e-03
2.409355482086539268e-03
2.021302469074726105e-03
1.134432153776288033e-03
1.083508948795497417e-03
1.819167402572929859e-03
1.912151463329792023e-03
1.411814824678003788e-03
1.487789675593376160e-03
1.977132167667150497e-03
1.773074152879416943e-03
2.709637396037578583e-03
9.758775704540312290e-04
1.190242124721407890e-03
3.327737795189023018e-03
1.077155582606792450e-03
1.400416134856641293e-03
1.289489096961915493e-03
1.155777950771152973e-03
2.017268911004066467e-03
1.808973029255867004e-03
2.283810172230005264e-03
1.356042223051190376e-03
1.240216311998665333e-03
1.863036770373582840e-03
1.446160138584673405e-03
5.104854237288236618e-03
1.545761711895465851e-03
2.954976167529821396e-03
1.304180477745831013e-03
2.920882310718297958e-03
1.492124516516923904e-03
1.072571030817925930e-03
2.130173612385988235e-03
3.634931519627571106e-03
6.016890984028577805e-04
2.013338031247258186e-03
3.837354015558958054e-03
1.109176548197865486e-03
1.308631035499274731e-03
2.463477663695812225e-03
1.615472836419939995e-03
2.152371220290660858e-03
2.250223187729716301e-03
1.694769249297678471e-03
1.053660525940358639e-03
3.917400259524583817e-03
6.373879034072160721e-03
1.908961217850446701e-03
2.442463301122188568e-03
3.496185643598437309e-03
1.326438505202531815e-03
5.158344749361276627e-03
2.334101125597953796e-03
6.111985421739518642e-04
2.089653396978974342e-03
1.519456272944808006e-03
3.568206215277314186e-03
2.345449291169643402e-03
4.466051701456308365e-03
5.636562593281269073e-03
1.339761074632406235e-03
1.676233368925750256e-03
2.781645627692341805e-03
6.437371484935283661e-03
2.771088853478431702e-03
3.337939968332648277e-03
1.468983711674809456e-03
4.548371303826570511e-03
1.637679059058427811e-03
7.235246710479259491e-03
3.406291129067540169e-03
2.667195163667201996e-03
2.779126167297363281e-03
2.574443118646740913e-03
2.223073504865169525e-03
3.682029433548450470e-03
2.040540101006627083e-03
2.555851591750979424e-03
1.214113784953951836e-03
1.109451171942055225e-03
1.747075584717094898e-03
4.044026136398315430e-03
1.694154110737144947e-03
2.643094165250658989e-03
7.659379392862319946e-03
1.965601928532123566e-03
1.623128890059888363e-03
9.711927268654108047e-04
1.729165902361273766e-03
2.198042813688516617e-03
2.284444635733962059e-03
5.296646151691675186e-03
1.526814070530235767e-03
9.210433927364647388e-04
9.767422452569007874e-04
1.141697983257472515e-03
1.205307664349675179e-03
1.434636535122990608e-03
8.280401816591620445e-04
2.533507533371448517e-03
1.212737290188670158e-03
1.278532785363495350e-03
1.421628170646727085e-03
1.342331408523023129e-03
1.404996844939887524e-03
9.835654869675636292e-03
2.353894291445612907e-03
1.388052129186689854e-03
5.569038330577313900e-04
1.291982247494161129e-03
9.328385349363088608e-04
1.082327100448310375e-03
2.672206144779920578e-03
2.707423176616430283e-03
1.587757724337279797e-03
9.494657278992235661e-04
1.969448290765285492e-03
1.012835535220801830e-03
1.852721674367785454e-03
1.133556361310184002e-03
1.411572098731994629e-03
1.217501936480402946e-03
1.995080616325139999e-03
2.459744224324822426e-03
7.611580193042755127e-03
1.373520120978355408e-03
1.275122864171862602e-03
1.376279396936297417e-03
3.231729380786418915e-03
1.883246004581451416e-02
1.084559247829020023e-03
1.352552324533462524e-03
1.158182509243488312e-03
3.903733333572745323e-03
3.086764598265290260e-03
9.402033174410462379e-04
1.513015129603445530e-03
9.572523413226008415e-04
2.054073382169008255e-03
1.843318692408502102e-03
1.118750893510878086e-03
1.696448191069066525e-03
9.991177357733249664e-04
1.780264778062701225e-03
1.754656434059143066e-03
9.135894360952079296e-04
2.155661350116133690e-03
1.720774220302700996e-03
5.053628701716661453e-03
1.265388797037303448e-03
9.275591000914573669e-04
3.018021117895841599e-03
1.246573752723634243e-03
1.118161599151790142e-03
3.279103664681315422e-03
2.179149538278579712e-03
1.138461404480040073e-03
2.201185561716556549e-03
2.252300269901752472e-03
9.034888818860054016e-03
8.921829611063003540e-02
1.037282054312527180e-03
1.418249565176665783e-03
6.912901299074292183e-04
1.562097575515508652e-03
6.601235363632440567e-04
1.812087139114737511e-03
1.718944171443581581e-03
1.494878903031349182e-03
2.963823731988668442e-03
2.039430430158972740e-03
2.187589649111032486e-03
2.039764774963259697e-03
1.290109357796609402e-03
1.119913998991250992e-03
1.935558044351637363e-03
1.757546793669462204e-03
1.660807430744171143e-02
3.737969556823372841e-03
4.739425610750913620e-03
2.607864094898104668e-03
4.007355775684118271e-03
2.101227641105651855e-03
2.445678925141692162e-03
2.006270457059144974e-03
7.674891967326402664e-04
1.505914144217967987e-03
1.619819784536957741e-03
1.150086522102355957e-03
1.269480679184198380e-03
7.455779123120009899e-04
3.858989570289850235e-03
1.735497266054153442e-03
1.242648810148239136e-02
1.829935703426599503e-03
1.991131575778126717e-03
3.310844069346785545e-03
3.767899470403790474e-03
2.699691569432616234e-03
1.142721530050039291e-02
2.337184036150574684e-03
1.591172884218394756e-03
1.452737837098538876e-03
5.817029159516096115e-04
1.697569736279547215e-03
8.946447633206844330e-03
1.519052661024034023e-03
1.316033420152962208e-03
1.613020896911621094e-03
2.047861926257610321e-03
1.553282490931451321e-03
1.360567635856568813e-03
2.414686372503638268e-03
2.738740993663668633e-03
4.110973794013261795e-03
1.732749864459037781e-02
1.182316336780786514e-03
1.672545680776238441e-03
1.018486334942281246e-03
1.276114606298506260e-03
1.470053102821111679e-03
4.535320680588483810e-03
2.145508769899606705e-03
2.983985701575875282e-03
3.146010218188166618e-03
3.080469323322176933e-03
3.224246669560670853e-03
3.373502288013696671e-03
2.828122582286596298e-03
6.732944864779710770e-03
3.063997253775596619e-03
1.897376030683517456e-03
1.710909302346408367e-03
2.476077293977141380e-03
5.362932570278644562e-03
2.508464735001325607e-03
1.942067057825624943e-03
1.063370262272655964e-03
1.201544888317584991e-03
1.474748481996357441e-03
2.822094596922397614e-03
2.184467855840921402e-03
2.070552203804254532e-03
7.674365770071744919e-04
2.434160793200135231e-03
1.514780567958950996e-03
3.150309901684522629e-03
3.478532889857888222e-03
2.559187822043895721e-03
2.688588574528694153e-03
1.447998569346964359e-03
2.316043246537446976e-03
1.936574582941830158e-03
1.827754895202815533e-03
8.233252912759780884e-03
2.291626995429396629e-03
2.092333976179361343e-03
2.170314081013202667e-03
3.782984102144837379e-03
9.510730742476880550e-04
1.001180266030132771e-03
9.765919530764222145e-04
7.580823730677366257e-04
2.366625936701893806e-03
2.309836214408278465e-03
4.655175842344760895e-03
1.539427554234862328e-03
1.923415344208478928e-03
2.396512310951948166e-03
2.651841146871447563e-03
1.328811049461364746e-03
8.905133581720292568e-04
3.604222554713487625e-03
1.089246594347059727e-03
1.249214634299278259e-03
1.061285496689379215e-03
2.091981936246156693e-03
1.046481425873935223e-03
1.114081474952399731e-03
2.015187963843345642e-02
1.896796980872750282e-03
1.658177585341036320e-03
9.043555473908782005e-04
2.202784176915884018e-03
1.704147900454699993e-03
1.955297077074646950e-03
2.404902828857302666e-03
7.687405450269579887e-04
1.235147123225033283e-03
1.573045155964791775e-03
2.318816259503364563e-03
1.179822720587253571e-03
1.019797171466052532e-03
7.587080472148954868e-04
1.418130123056471348e-03
9.572260314598679543e-04
2.209872473031282425e-03
1.784202177077531815e-03
1.895199064165353775e-03
1.331882551312446594e-03
1.288747764192521572e-03
1.546568819321691990e-03
1.175427227281033993e-03
7.655885419808328152e-04
2.016421873122453690e-03
5.596600938588380814e-03
1.503291656263172626e-03
1.808259170502424240e-03
1.466356450691819191e-03
1.323304721154272556e-03
2.437823917716741562e-03
3.676447318866848946e-03
2.175663411617279053e-02
1.006626784801483154e-01
3.596366196870803833e-02
2.802007133141160011e-03
2.207149984315037727e-03
2.301356522366404533e-03
1.503469189628958702e-03
1.016056537628173828e-02
1.741295796819031239e-03
2.889975672587752342e-03
3.440086031332612038e-03
1.903362688608467579e-03
1.301314798183739185e-03
1.661888556554913521e-03
3.871153574436903000e-03
1.750645926222205162e-03
1.231432077474892139e-03
1.376130501739680767e-03
1.591359963640570641e-03
2.927404828369617462e-03
3.383915871381759644e-03
2.099771983921527863e-03
3.387882374227046967e-03
1.989006064832210541e-03
1.605975907295942307e-03
1.834123511798679829e-03
1.449665287509560585e-03
9.468210046179592609e-04
7.805223576724529266e-04
2.082258928567171097e-03
1.641553128138184547e-03
2.680921461433172226e-03
2.257794374600052834e-03
1.322089927271008492e-03
8.923799032345414162e-04
1.494715339504182339e-03
1.507270499132573605e-03
1.799154444597661495e-03
1.299302442930638790e-03
2.200583927333354950e-03
1.625236589461565018e-03
3.823674749583005905e-03
2.964143874123692513e-03
3.869532141834497452e-03
2.403040416538715363e-03
1.888716360554099083e-03
6.640022620558738708e-04
2.004697453230619431e-03
2.880952088162302971e-03
1.424005720764398575e-03
2.564756432548165321e-03
2.307011978700757027e-03
2.819465473294258118e-03
1.206886372528970242e-03
1.348384888842701912e-03
4.236558917909860611e-03
1.669360208325088024e-03
1.795265590772032738e-03
1.928196987137198448e-03
9.859992424026131630e-04
1.585662132129073143e-03
5.032655317336320877e-03
1.487306784838438034e-03
5.681859701871871948e-02
3.712156414985656738e-02
3.851503878831863403e-02
4.417594522237777710e-02
5.564163252711296082e-02
4.237598180770874023e-02
1.076411921530961990e-02
3.493796661496162415e-02
2.105525694787502289e-02
1.030802447348833084e-02
2.078882604837417603e-02
1.232899632304906845e-02
3.030316159129142761e-02
5.030693113803863525e-02
3.176176920533180237e-02
8.913104422390460968e-03
2.373584546148777008e-02
4.214605316519737244e-02
1.328776869922876358e-02
3.568677976727485657e-02
2.300242148339748383e-02
4.411416593939065933e-03
5.365602672100067139e-03
4.532319027930498123e-03
1.971141900867223740e-03
1.860148459672927856e-02
5.575614422559738159e-02
2.540856041014194489e-02
4.178238660097122192e-02
3.376764804124832153e-02
1.735159754753112793e-02
3.561627492308616638e-02
2.063483372330665588e-02
4.954995121806859970e-03
1.860069483518600464e-02
6.377130746841430664e-02
4.400825127959251404e-02
5.376740172505378723e-02
8.678294718265533447e-03
1.554862782359123230e-02
8.809457533061504364e-03
3.199889324605464935e-03
9.557242738083004951e-04
3.792939940467476845e-03
2.847709693014621735e-03
1.621299423277378082e-03
9.570417925715446472e-03
1.570567139424383640e-03
1.930877566337585449e-03
7.664950098842382431e-03
9.873321978375315666e-04
1.434290781617164612e-03
7.507687550969421864e-04
1.772148418240249157e-03
8.916467195376753807e-04
2.565601142123341560e-03
3.120682667940855026e-03
1.326964120380580425e-03
1.447660964913666248e-03
2.271354198455810547e-03
1.490403083153069019e-03
1.105100614950060844e-03
3.152434714138507843e-03
1.026596873998641968e-03
2.003844827413558960e-03
2.059488790109753609e-03
1.437622588127851486e-03
2.712421817705035210e-03
1.291126362048089504e-03
9.710125159472227097e-04
8.325181552208960056e-04
2.868778305128216743e-03
1.159878214821219444e-03
9.721983806230127811e-04
3.599255578592419624e-03
1.440553227439522743e-03
9.723798139020800591e-04
1.228467561304569244e-03
1.139793545007705688e-03
9.427773766219615936e-04
1.074640895240008831e-03
2.989485859870910645e-03
6.716287694871425629e-03
1.495581702329218388e-03
2.126749139279127121e-03
1.033824635669589043e-03
1.103640650399029255e-03
1.437101396732032299e-03
2.220142632722854614e-03
1.354107283987104893e-03
1.982348738238215446e-03
2.333609620109200478e-03
5.880257487297058105e-02
6.295729428529739380e-02
2.021561563014984131e-02
7.454296946525573730e-02
1.028402615338563919e-02
4.841222614049911499e-02
2.664347365498542786e-02
1.898864097893238068e-02
2.700004540383815765e-02
5.258871242403984070e-02
4.521102830767631531e-02
3.605842590332031250e-02
4.997176676988601685e-02
3.092857636511325836e-02
4.184854775667190552e-02
7.690628618001937866e-02
5.188212543725967407e-02
3.051618486642837524e-02
6.606942415237426758e-02
2.893117815256118774e-02
2.720840275287628174e-02
1.951500214636325836e-02
4.500699043273925781e-02
3.014257550239562988e-02
5.192177370190620422e-02
3.875596821308135986e-02
4.101387411355972290e-02
3.630661219358444214e-02
2.305236086249351501e-02
6.034195423126220703e-02
3.761068731546401978e-02
4.665260761976242065e-02
1.914031431078910828e-02
3.184384852647781372e-02
4.092302918434143066e-02
4.827086254954338074e-02
5.545742809772491455e-02
3.430755063891410828e-02
8.219106495380401611e-02
4.973755776882171631e-02
2.803185582160949707e-02
2.561420388519763947e-02
3.692343086004257202e-02
2.151381922885775566e-03
2.591332653537392616e-03
2.496698405593633652e-03
1.575719215907156467e-03
3.439414314925670624e-03
2.483637072145938873e-03
1.509109861217439175e-03
3.945952747017145157e-03
4.256268031895160675e-03
3.058270318433642387e-03
4.325195681303739548e-03
2.680481644347310066e-03
6.776877213269472122e-03
4.888233263045549393e-03
1.487047411501407623e-03
2.617278369143605232e-03
2.065698150545358658e-03
3.914667293429374695e-03
1.795398653484880924e-03
1.461194478906691074e-03
1.755834789946675301e-03
3.492983989417552948e-03
1.255891635082662106e-03
2.416891511529684067e-03
3.050186438485980034e-03
1.490352326072752476e-03
2.635991200804710388e-03
1.314455410465598106e-03
2.666621003299951553e-03
7.023889105767011642e-03
3.019682131707668304e-03
5.366617813706398010e-03
1.739566330797970295e-03
1.278168754652142525e-03
2.370461821556091309e-03
2.152902446687221527e-02
3.761931089684367180e-03
1.871464308351278305e-03
3.952528815716505051e-03
1.533823786303400993e-03
1.175897475332021713e-02
2.678798744454979897e-03
2.370241563767194748e-03
3.518585814163088799e-03
6.316896528005599976e-03
1.855097594670951366e-03
3.624204080551862717e-03
2.910317154601216316e-03
1.937572145834565163e-03
2.992217428982257843e-03
2.538645407184958458e-03
1.187921734526753426e-03
1.861526514403522015e-03
1.971850637346506119e-03
2.219419926404953003e-03
1.657227403484284878e-03
3.009196138009428978e-03
1.452433760277926922e-03
1.039087213575839996e-02
2.505274955183267593e-03
1.551907276734709740e-03
1.565783168189227581e-03
2.229967853054404259e-03
2.797120250761508942e-03
2.005037851631641388e-03
5.628403276205062866e-03
3.775050165131688118e-03
1.512276357971131802e-03
1.781611703336238861e-02
7.332882378250360489e-03
1.144031877629458904e-03
1.639769296161830425e-03
4.103743936866521835e-03
1.822960330173373222e-03
1.975088147446513176e-03
3.438630606979131699e-03
4.865215450990945101e-04
2.507165772840380669e-03
1.813169568777084351e-03
1.795284799300134182e-03
1.649568323045969009e-03
3.110790858045220375e-03
2.375703305006027222e-03
2.062830142676830292e-03
1.084386254660785198e-03
4.811645951122045517e-03
3.413970116525888443e-03
1.754726632498204708e-03
3.937027417123317719e-03
2.620771294459700584e-03
2.102289116010069847e-03
1.047044410370290279e-03
1.261082128621637821e-03
1.927788951434195042e-03
2.254663035273551941e-03
4.613807424902915955e-03
2.210142090916633606e-03
2.066064160317182541e-03
3.136432729661464691e-03
1.883370685391128063e-03
3.685702104121446609e-03
1.720236148685216904e-03
4.729448817670345306e-03
6.130958907306194305e-03
6.894807331264019012e-03
2.103518461808562279e-03
3.571707755327224731e-03
6.179251708090305328e-03
2.718951320275664330e-03
1.805004430934786797e-03
2.138356911018490791e-03
2.912699477747082710e-03
2.697008196264505386e-03
2.679130295291543007e-03
2.827953780069947243e-03
4.309010691940784454e-03
2.111188601702451706e-03
1.969768898561596870e-03
3.745340276509523392e-03
1.942195813171565533e-03
2.784117124974727631e-03
5.988301127217710018e-04
5.597529001533985138e-03
1.601192401722073555e-03
6.652357522398233414e-03
4.097153898328542709e-03
2.935013268142938614e-03
3.247472224757075310e-03
1.949018798768520355e-03
3.500478575006127357e-03
2.123768907040357590e-03
2.531972015276551247e-03
2.060681115835905075e-03
2.686770865693688393e-03
1.554441172629594803e-03
1.328117214143276215e-03
1.545195002108812332e-03
1.610315288417041302e-03
9.981880430132150650e-04
1.380866509862244129e-03
1.713115721940994263e-03
3.037645518779754639e-01
1.642023585736751556e-02
1.410167780704796314e-03
4.491639323532581329e-03
1.429406227543950081e-03
1.991249620914459229e-03
1.306965714320540428e-03
2.706361934542655945e-03
1.685332041233778000e-03
1.200434518977999687e-03
1.927477656863629818e-03
3.052648156881332397e-03
1.757039106450974941e-03
3.193810814991593361e-03
1.530604669824242592e-03
1.967151183634996414e-03
4.330408759415149689e-03
1.916334964334964752e-03
4.036276135593652725e-03
1.317047979682683945e-03
1.156163983978331089e-03
1.479515340179204941e-03
3.183125751093029976e-03
6.732316687703132629e-03
2.774846041575074196e-03
1.259327749721705914e-03
2.421718789264559746e-03
8.520550909452140331e-04
2.783167874440550804e-03
6.917137186974287033e-03
2.480966970324516296e-03
3.210058202967047691e-03
1.539476099424064159e-03
1.916270586661994457e-03
1.376235391944646835e-03
1.824013423174619675e-03
1.600273884832859039e-03
2.926021348685026169e-03
1.491489005275070667e-03
1.537133008241653442e-03
2.316967118531465530e-03
9.313120390288531780e-04
4.653495270758867264e-03
2.084312494844198227e-03
5.617999937385320663e-03
1.815505791455507278e-03
2.646293956786394119e-03
3.120905952528119087e-03
2.084184437990188599e-03
1.886938232928514481e-03
2.559186425060033798e-03
6.366097368299961090e-04
1.692356076091527939e-03
1.432727440260350704e-03
4.045941866934299469e-03
8.569355704821646214e-04
4.788335412740707397e-02
6.951919943094253540e-02
7.556271553039550781e-02
5.315583944320678711e-02
5.874031782150268555e-02
4.470504075288772583e-02
5.387568473815917969e-02
4.886882752180099487e-02
5.092019215226173401e-02
4.074013605713844299e-02
4.877051711082458496e-02
4.830323159694671631e-02
5.673191696405410767e-02
4.745455831289291382e-02
5.495451018214225769e-02
4.547091573476791382e-02
4.449609667062759399e-02
4.613952338695526123e-02
5.284938216209411621e-02
5.576062574982643127e-02
4.069109261035919189e-02
5.152068287134170532e-02
4.691569879651069641e-02
4.283571615815162659e-02
5.050074681639671326e-02
4.593344777822494507e-02
5.116020888090133667e-02
4.883226007223129272e-02
4.502771049737930298e-02
4.668238759040832520e-02
4.623525962233543396e-02
3.968703746795654297e-02
5.484559386968612671e-02
3.886477649211883545e-02
4.111412540078163147e-02
4.471306130290031433e-02
4.702986776828765869e-02
4.219995066523551941e-02
4.728536307811737061e-02
4.842465370893478394e-02
4.577858746051788330e-02
2.350335381925106049e-02
2.544366987422108650e-03
7.657707319594919682e-04
5.822381470352411270e-03
3.512782743200659752e-03
1.430629054084420204e-03
8.103881264105439186e-04
1.008037943392992020e-03
6.161482073366641998e-03
2.202742034569382668e-03
7.582188583910465240e-03
3.107246244326233864e-03
1.147842849604785442e-03
7.099010981619358063e-03
1.330349594354629517e-03
6.000225432217121124e-03
6.546988151967525482e-03
3.579364856705069542e-03
7.545544765889644623e-03
2.453998429700732231e-03
2.363672247156500816e-03
1.167551847174763680e-03
1.377028040587902069e-02
2.070023305714130402e-02
4.784465767443180084e-03
4.573180340230464935e-03
2.127937274053692818e-03
3.667487530037760735e-03
3.667050972580909729e-03
3.128859912976622581e-03
1.219076220877468586e-03
3.722365479916334152e-03
1.788617810234427452e-03
9.878291748464107513e-04
9.823556756600737572e-04
1.012987224385142326e-03
1.561993034556508064e-03
1.852714107371866703e-03
1.638009794987738132e-03
1.193649717606604099e-03
1.875901711173355579e-03
1.122169778682291508e-03
6.186104146763682365e-04
6.727008731104433537e-04
3.520798636600375175e-03
2.814821666106581688e-03
2.322973217815160751e-03
2.043799962848424911e-03
7.707127369940280914e-04
3.544468432664871216e-03
9.170724661089479923e-04
1.932366052642464638e-03
1.531426911242306232e-03
2.083954401314258575e-03
1.357491710223257542e-03
1.108433469198644161e-03
6.897812127135694027e-04
5.730670318007469177e-02
6.731052696704864502e-02
4.190348461270332336e-02
4.473121464252471924e-02
5.161483585834503174e-02
3.564193099737167358e-02
5.398419499397277832e-02
2.858532592654228210e-02
4.282222688198089600e-02
5.200508236885070801e-02
3.135547414422035217e-02
3.995123878121376038e-02
1.539536379277706146e-02
3.476127609610557556e-02
3.015677258372306824e-02
3.917424008250236511e-02
5.347072333097457886e-02
4.489145427942276001e-02
1.658245548605918884e-02
3.623965382575988770e-02
4.137701168656349182e-02
3.786209970712661743e-02
3.962251916527748108e-02
2.789133042097091675e-02
2.020593732595443726e-02
1.319445390254259109e-02
3.188104182481765747e-02
3.548229113221168518e-02
3.108424134552478790e-02
2.195865660905838013e-02
3.230144083499908447e-02
3.181987255811691284e-02
2.888115355744957924e-03
3.196180099621415138e-03
6.243335083127021790e-04
1.530319824814796448e-02
6.320548057556152344e-02
8.027119189500808716e-02
4.137737303972244263e-02
5.358316004276275635e-02
3.099221363663673401e-02
3.279747068881988525e-02
2.847177349030971527e-02
3.511168807744979858e-02
5.527873709797859192e-02
3.177087008953094482e-02
4.368898272514343262e-02
2.911689691245555878e-02
3.852740675210952759e-02
1.215548813343048096e-02
2.265598624944686890e-02
1.989617757499217987e-02
3.534879162907600403e-02
3.087474033236503601e-02
3.760170936584472656e-02
5.433802306652069092e-02
2.492726780474185944e-02
3.897793963551521301e-02
2.666589058935642242e-02
4.217234626412391663e-02
3.213022276759147644e-02
3.437127172946929932e-02
2.957259863615036011e-02
3.875797241926193237e-02
3.847155719995498657e-02
3.734016790986061096e-02
4.470421373844146729e-02
2.045949921011924744e-03
9.509387309662997723e-04
2.971742767840623856e-03
1.497822534292936325e-02
5.150189250707626343e-02
4.501268267631530762e-02
6.055535376071929932e-02
4.103546589612960815e-02
2.297953143715858459e-02
5.185149237513542175e-02
1.729593798518180847e-02
3.789808973670005798e-02
2.319159358739852905e-02
3.253544121980667114e-02
2.594535797834396362e-02
1.722643710672855377e-02
2.129005454480648041e-02
2.297871559858322144e-02
2.850279025733470917e-02
1.656270772218704224e-02
2.668250538408756256e-02
2.019660547375679016e-02
2.784136123955249786e-02
4.121332243084907532e-02
1.698204688727855682e-02
2.894152328372001648e-02
2.203107252717018127e-02
9.377347305417060852e-03
1.801722124218940735e-02
1.054680906236171722e-02
1.594949141144752502e-02
1.514593698084354401e-02
1.017210818827152252e-02
1.585646299645304680e-03
3.930003382265567780e-03
1.337993191555142403e-03
8.416961063630878925e-04
3.693887963891029358e-03
7.175150094553828239e-04
9.221797809004783630e-04
2.254051622003316879e-03
2.094665542244911194e-03
1.627751160413026810e-03
1.130268676206469536e-03
1.391009194776415825e-03
2.598887775093317032e-03
5.232615862041711807e-03
1.672770129516720772e-03
1.187651650980114937e-03
2.334761433303356171e-03
3.707617754116654396e-03
2.552243415266275406e-03
1.738569699227809906e-03
2.871547359973192215e-03
3.691623453050851822e-03
8.785037207417190075e-04
1.206186600029468536e-03
1.082576345652341843e-03
9.044416947290301323e-04
6.244651158340275288e-04
1.339252805337309837e-03
8.671411196701228619e-04
1.780774910002946854e-03
5.498745478689670563e-03
6.244144169613718987e-04
1.137600047513842583e-03
7.929265848360955715e-04
8.602653397247195244e-04
1.233263290487229824e-03
8.856021449901163578e-04
3.950191661715507507e-03
1.685672788880765438e-03
1.394562656059861183e-03
5.821942817419767380e-03
4.298293031752109528e-03
1.102766022086143494e-03
1.273308880627155304e-03
2.661306411027908325e-03
1.002147095277905464e-03
2.295586280524730682e-03
8.787908009253442287e-04
1.374413724988698959e-03
4.474896995816379786e-04
5.357292247936129570e-04
1.343247247859835625e-03
8.046918082982301712e-04
5.200512241572141647e-04
2.482746494933962822e-03
2.305917441844940186e-03
1.048663165420293808e-03
9.458370041102170944e-04
1.202073763124644756e-03
1.129902550019323826e-03
1.132536679506301880e-03
7.042420329526066780e-04
1.271997345611453056e-03
1.823520986363291740e-03
1.043323543854057789e-03
8.142398437485098839e-04
1.595164067111909389e-03
2.227402059361338615e-03
2.628829563036561012e-03
1.795755233615636826e-03
6.239858921617269516e-04
6.705479463562369347e-04
7.389168022200465202e-04
1.652422361075878143e-03
1.676098210737109184e-03
8.100078557617962360e-04
7.468721596524119377e-04
2.991181053221225739e-02
4.708293080329895020e-02
1.361054647713899612e-02
1.873193308711051941e-02
4.018730670213699341e-02
1.038170326501131058e-02
