4.297950744628906250e+00
4.297950744628906250e+00
4.198419570922851562e+00
4.125693798065185547e+00
3.547595262527465820e+00
2.042691230773925781e+00
1.058680057525634766e+00
6.554575562477111816e-01
4.561593234539031982e-01
5.233400464057922363e-01
5.305419564247131348e-01
5.503245592117309570e-01
5.591512918472290039e-01
3.874568343162536621e-01
4.076699316501617432e-01
5.236523747444152832e-01
7.067425847053527832e-01
7.274256944656372070e-01
7.198873758316040039e-01
7.070450782775878906e-01
6.570202112197875977e-01
1.561424970626831055e+00
1.733434319496154785e+00
1.571499228477478027e+00
1.580960750579833984e+00
1.606750488281250000e+00
1.594205617904663086e+00
4.869496226310729980e-01
5.580407977104187012e-01
4.896394014358520508e-01
5.800397396087646484e-01
6.077247262001037598e-01
5.887357592582702637e-01
5.771224498748779297e-01
4.941732883453369141e-01
4.774528741836547852e-01
3.282436728477478027e-01
3.225075304508209229e-01
3.012777864933013916e-01
2.754466533660888672e+00
2.764446973800659180e+00
2.844016075134277344e+00
2.836015224456787109e+00
2.906615257263183594e+00
2.867176294326782227e+00
5.352517366409301758e-01
6.109891533851623535e-01
5.841686725616455078e-01
9.479045271873474121e-01
8.195630908012390137e-01
7.917785048484802246e-01
6.984082460403442383e-01
4.835797250270843506e-01
6.026654839515686035e-01
2.702237665653228760e-01
3.629879355430603027e-01
3.490846753120422363e-01
3.538648784160614014e-01
3.840743601322174072e-01
2.435042262077331543e-01
2.049061805009841919e-01
2.259814143180847168e-01
2.130981385707855225e-01
2.539249062538146973e-01
2.414740920066833496e-01
3.310959637165069580e-01
4.665466547012329102e-01
4.149594902992248535e-01
3.598383665084838867e-01
3.631816506385803223e-01
3.194631636142730713e-01
2.896161377429962158e-01
1.760927885770797729e-01
2.088926881551742554e-01
3.639980256557464600e-01
4.978832006454467773e-01
7.166959047317504883e-01
7.008946537971496582e-01
7.656050920486450195e-01
8.217992782592773438e-01
7.788292169570922852e-01
5.550537109375000000e-01
2.938764691352844238e-01
3.349340856075286865e-01
3.075179755687713623e-01
3.087392747402191162e-01
2.055438458919525146e-01
1.971419006586074829e-01
1.363248825073242188e-01
1.326235830783843994e-01
1.244745701551437378e-01
1.180413365364074707e-01
8.222332596778869629e-02
9.422855079174041748e-02
1.021415665745735168e-01
1.231603249907493591e-01
1.533758789300918579e-01
2.760674476623535156e+00
2.821487188339233398e+00
2.998496770858764648e+00
3.060330152511596680e+00
3.061605453491210938e+00
3.034705400466918945e+00
4.591127932071685791e-01
4.479399323463439941e-01
3.738821446895599365e-01
4.988040030002593994e-01
5.086753964424133301e-01
5.861327648162841797e-01
3.288009166717529297e+00
3.287838459014892578e+00
3.530298233032226562e+00
3.268193483352661133e+00
3.340029954910278320e+00
4.117068290710449219e+00
1.535234332084655762e+00
2.571611642837524414e+00
2.329578638076782227e+00
2.031520605087280273e+00
1.928614139556884766e+00
1.263513326644897461e+00
6.561456918716430664e-01
2.012937366962432861e-01
1.852752566337585449e-01
1.753606647253036499e-01
3.361156880855560303e-01
5.175935029983520508e-01
4.596967399120330811e-01
4.980134963989257812e-01
1.069352149963378906e+00
1.138301968574523926e+00
1.098220467567443848e+00
1.108440637588500977e+00
1.219822049140930176e+00
1.221120119094848633e+00
6.613657474517822266e-01
5.511752963066101074e-01
5.094867348670959473e-01
2.442550659179687500e-01
2.600054144859313965e-01
2.701147794723510742e-01
1.945590823888778687e-01
1.226501315832138062e-01
1.107344850897789001e-01
1.031210049986839294e-01
1.204727664589881897e-01
9.346038103103637695e-02
1.124780625104904175e-01
1.084362119436264038e-01
1.162206232547760010e-01
1.618133336305618286e-01
3.205700814723968506e-01
3.174015879631042480e-01
4.372183978557586670e-01
4.688590764999389648e-01
4.179559350013732910e-01
3.403241038322448730e-01
3.027184009552001953e-01
2.952679395675659180e-01
5.272260904312133789e-01
4.747041165828704834e-01
4.869278967380523682e-01
6.368309855461120605e-01
3.992462158203125000e-01
4.702280759811401367e-01
1.720384061336517334e-01
1.623559594154357910e+00
2.043802738189697266e+00
1.873304843902587891e+00
1.819142818450927734e+00
1.702757596969604492e+00
1.770914673805236816e+00
5.606845617294311523e-01
5.158339142799377441e-01
4.568503499031066895e-01
4.431441724300384521e-01
4.118661582469940186e-01
3.512735962867736816e-01
2.367940098047256470e-01
2.470957785844802856e-01
2.614635229110717773e-01
1.846449226140975952e-01
1.812039911746978760e-01
2.121054828166961670e-01
2.478465586900711060e-01
2.808950245380401611e-01
3.153138160705566406e-01
3.582788705825805664e-01
3.614288568496704102e-01
3.504346013069152832e-01
3.641462326049804688e-01
3.400150835514068604e-01
2.430250793695449829e-01
3.844563663005828857e-01
3.942532837390899658e-01
3.583631515502929688e-01
2.918847203254699707e-01
6.009628772735595703e-01
6.432932019233703613e-01
5.931033492088317871e-01
4.984541833400726318e-01
7.322680950164794922e-01
6.898638010025024414e-01
5.940244197845458984e-01
6.084944605827331543e-01
6.332808136940002441e-01
4.755100905895233154e-01
1.848742216825485229e-01
3.424348533153533936e-01
3.060635626316070557e-01
2.996253967285156250e-01
3.049248158931732178e-01
4.095221459865570068e-01
4.074907600879669189e-01
1.618343442678451538e-01
2.137603163719177246e-01
1.895651370286941528e-01
1.946470886468887329e-01
1.457695066928863525e-01
1.426959335803985596e-01
1.238903999328613281e-01
1.440754532814025879e-01
1.362493485212326050e-01
1.735120564699172974e-01
1.841177791357040405e-01
2.681120038032531738e-01
4.444140493869781494e-01
4.846841692924499512e-01
4.319106340408325195e-01
3.675580024719238281e-01
3.414101600646972656e-01
4.217824637889862061e-01
5.103082656860351562e-01
4.569279551506042480e-01
4.665295183658599854e-01
4.017966985702514648e-01
3.950063884258270264e-01
3.963129222393035889e-01
1.511739492416381836e-01
9.274848550558090210e-02
2.219281047582626343e-01
2.546908557415008545e-01
3.184121251106262207e-01
2.670073807239532471e-01
2.762207686901092529e-01
2.386557757854461670e-01
1.008762791752815247e-01
8.361380547285079956e-02
9.851633012294769287e-02
1.218245923519134521e-01
1.032063513994216919e-01
3.855107426643371582e-01
4.549908936023712158e-01
4.640943109989166260e-01
4.134749770164489746e-01
5.098145008087158203e-01
8.112311363220214844e-01
8.477568030357360840e-01
7.049140930175781250e-01
1.064617514610290527e+00
2.098921775817871094e+00
2.115294218063354492e+00
1.787742376327514648e+00
1.922070622444152832e+00
1.905193686485290527e+00
1.046942353248596191e+00
3.952825963497161865e-01
4.656552672386169434e-01
4.992793798446655273e-01
3.905772864818572998e-01
3.913928568363189697e-01
4.371687471866607666e-01
4.966628253459930420e-01
5.025042295455932617e-01
3.404678106307983398e-01
2.384067177772521973e-01
2.480324357748031616e-01
2.231696993112564087e-01
3.286029696464538574e-01
3.241829872131347656e-01
3.284650743007659912e-01
3.470704853534698486e-01
5.635908246040344238e-01
5.806334018707275391e-01
7.931959629058837891e-01
7.542487978935241699e-01
7.711822986602783203e-01
1.089234590530395508e+00
1.111524105072021484e+00
1.173374176025390625e+00
5.518870949745178223e-01
5.673397183418273926e-01
5.793313384056091309e-01
2.813497185707092285e-01
3.910645544528961182e-01
4.242879450321197510e-01
6.902107596397399902e-01
6.502400636672973633e-01
6.634671092033386230e-01
5.983883142471313477e-01
4.463437497615814209e-01
6.512048244476318359e-01
3.830887079238891602e-01
3.961651623249053955e-01
3.297728896141052246e-01
3.274959623813629150e-01
3.179166018962860107e-01
1.970798224210739136e-01
1.973636299371719360e-01
2.012447267770767212e-01
2.690675854682922363e-01
3.975274860858917236e-01
4.685255527496337891e+00
4.810257911682128906e+00
5.015960693359375000e+00
4.916842460632324219e+00
4.703095912933349609e+00
4.229419708251953125e+00
7.590122222900390625e-01
7.870051264762878418e-01
7.431192994117736816e-01
7.726337909698486328e-01
6.509974002838134766e-01
6.750502586364746094e-01
2.695903182029724121e-01
1.593299955129623413e-01
1.352534294128417969e-01
8.546014130115509033e-02
8.715699613094329834e-02
1.917754858732223511e-01
5.977342724800109863e-01
6.103841662406921387e-01
5.982818603515625000e-01
6.130762696266174316e-01
5.784861445426940918e-01
5.145301818847656250e-01
3.361859321594238281e-01
3.288556337356567383e-01
3.073366582393646240e-01
3.238492310047149658e-01
6.061442494392395020e-01
6.707601547241210938e-01
6.803436279296875000e-01
7.076578736305236816e-01
6.483516693115234375e-01
7.532098889350891113e-01
7.148331403732299805e-01
4.868111908435821533e-01
3.755441606044769287e-01
3.434287905693054199e-01
3.644117414951324463e-01
4.593625366687774658e-01
4.211041629314422607e-01
3.620648086071014404e-01
4.791525900363922119e-01
6.959671974182128906e-01
5.053817629814147949e-01
4.797680974006652832e-01
5.719705820083618164e-01
6.127898693084716797e-01
3.234591186046600342e-01
4.729015529155731201e-01
4.896720945835113525e-01
4.404426813125610352e-01
4.358348846435546875e-01
4.386723339557647705e-01
4.693384468555450439e-01
3.207574188709259033e-01
2.479435503482818604e-01
3.196328282356262207e-01
1.222573280334472656e+00
1.209830284118652344e+00
1.182210803031921387e+00
1.169327378273010254e+00
1.200169801712036133e+00
1.144794106483459473e+00
3.090102374553680420e-01
2.555464804172515869e-01
2.217889577150344849e-01
2.473601251840591431e-01
2.265773266553878784e-01
2.581051290035247803e-01
2.251991480588912964e-01
2.403608411550521851e-01
2.461172193288803101e-01
3.434425890445709229e-01
1.091623902320861816e+00
1.539801597595214844e+00
1.623894333839416504e+00
1.727567315101623535e+00
1.815792679786682129e+00
1.592879295349121094e+00
7.355688214302062988e-01
3.498269617557525635e-01
2.930873930454254150e-01
3.530654907226562500e-01
3.488256335258483887e-01
5.689380168914794922e-01
5.266767144203186035e-01
7.530708312988281250e-01
8.873124122619628906e-01
7.343671321868896484e-01
6.649983525276184082e-01
5.685100555419921875e-01
5.456341505050659180e-01
4.036050140857696533e-01
4.128299653530120850e-01
4.168481528759002686e-01
2.897236645221710205e-01
3.816859424114227295e-01
3.906618952751159668e-01
5.337066054344177246e-01
8.669856190681457520e-01
9.289373159408569336e-01
9.065572619438171387e-01
7.729081511497497559e-01
8.127220273017883301e-01
1.038591384887695312e+00
5.378587245941162109e-01
2.299272119998931885e-01
3.187594115734100342e-01
3.204400837421417236e-01
3.605854213237762451e-01
1.867605298757553101e-01
1.749660372734069824e-01
7.165593504905700684e-01
6.864926218986511230e-01
6.849628686904907227e-01
6.165828108787536621e-01
6.364682912826538086e-01
9.581296443939208984e-01
5.100000500679016113e-01
4.994699358940124512e-01
4.880566000938415527e-01
4.753916859626770020e-01
4.661487638950347900e-01
1.835184246301651001e-01
9.240889549255371094e-02
2.586303353309631348e-01
3.082703948020935059e-01
2.990144193172454834e-01
3.241998255252838135e-01
3.735417723655700684e-01
2.872805893421173096e-01
1.225027069449424744e-01
1.747248321771621704e-01
1.941379755735397339e-01
1.805026382207870483e-01
1.819791793823242188e-01
1.806768029928207397e-01
2.177454382181167603e-01
7.922930270433425903e-02
1.054463014006614685e-01
1.049340292811393738e-01
9.333673864603042603e-02
1.853901892900466919e-01
1.650139540433883667e-01
4.250622689723968506e-01
2.944843769073486328e+00
3.053368568420410156e+00
3.072732686996459961e+00
2.901471138000488281e+00
2.856962680816650391e+00
2.834208488464355469e+00
3.508298099040985107e-01
6.150195002555847168e-01
5.953940153121948242e-01
6.105639934539794922e-01
4.738174080848693848e-01
7.560562491416931152e-01
7.578760385513305664e-01
2.357576489448547363e-01
2.207308709621429443e-01
2.180081307888031006e-01
2.641678452491760254e-01
1.274034827947616577e-01
1.237679645419120789e-01
1.332403272390365601e-01
1.482412815093994141e-01
1.738646179437637329e-01
1.439006924629211426e-01
1.096464544534683228e-01
8.511026948690414429e-02
1.033497229218482971e-01
1.019612476229667664e-01
3.538765609264373779e-01
4.622107446193695068e-01
3.831698000431060791e-01
3.310238420963287354e-01
3.365123867988586426e-01
3.263849020004272461e-01
1.069044247269630432e-01
1.583831906318664551e-01
2.395320832729339600e-01
2.230071574449539185e-01
2.525296509265899658e-01
2.813096046447753906e-01
3.820163607597351074e-01
3.501608967781066895e-01
2.305851876735687256e-01
3.626245856285095215e-01
4.025443792343139648e-01
3.694372475147247314e-01
2.605479955673217773e-01
2.808411717414855957e-01
3.306429684162139893e-01
1.423903256654739380e-01
1.433069258928298950e-01
1.192848831415176392e-01
1.542689651250839233e-01
1.737551242113113403e-01
2.085827589035034180e-01
2.052425444126129150e-01
1.621333658695220947e-01
1.571316123008728027e-01
1.629597991704940796e-01
1.395693272352218628e-01
2.558926045894622803e-01
2.032258957624435425e-01
1.754844933748245239e-01
2.231990545988082886e-01
3.226760923862457275e-01
3.503629863262176514e-01
2.912885248661041260e-01
2.755306363105773926e-01
1.243702530860900879e+00
1.231877565383911133e+00
1.195383071899414062e+00
1.196594119071960449e+00
1.196285605430603027e+00
1.285569548606872559e+00
3.516346514225006104e-01
3.776308000087738037e-01
5.105122327804565430e-01
4.730204343795776367e-01
4.719149470329284668e-01
4.846949279308319092e-01
4.004539251327514648e-01
4.497013688087463379e-01
1.341614484786987305e+00
1.267065048217773438e+00
1.236629724502563477e+00
1.239397287368774414e+00
1.290814518928527832e+00
1.350180268287658691e+00
2.212565839290618896e-01
2.415484637022018433e-01
2.353487610816955566e-01
2.368810623884201050e-01
1.958258599042892456e-01
1.561204940080642700e-01
1.471754908561706543e-01
1.681143939495086670e-01
1.942732036113739014e-01
4.346867203712463379e-01
4.411332607269287109e-01
7.972818017005920410e-01
6.945964097976684570e-01
7.846800088882446289e-01
8.801798224449157715e-01
8.915304541587829590e-01
1.104910016059875488e+00
7.683597803115844727e-01
6.010517477989196777e-01
6.086525917053222656e-01
5.526828765869140625e-01
3.050134479999542236e-01
1.321300566196441650e-01
1.330936998128890991e-01
1.301908493041992188e-01
1.069406867027282715e-01
1.464278399944305420e-01
1.613938808441162109e-01
1.585585325956344604e-01
1.348153054714202881e-01
1.330883353948593140e-01
2.640630602836608887e-01
2.607243359088897705e-01
1.918780654668807983e-01
3.195427656173706055e-01
7.120192646980285645e-01
8.835628032684326172e-01
9.730976819992065430e-01
1.789458990097045898e+00
2.874189138412475586e+00
3.456768274307250977e+00
3.644289970397949219e+00
4.354453563690185547e+00
4.554199695587158203e+00
4.176504135131835938e+00
3.274479866027832031e+00
2.559460878372192383e+00
2.008095026016235352e+00
2.620806694030761719e+00
2.000725269317626953e+00
1.305151939392089844e+00
9.897083044052124023e-01
8.116359114646911621e-01
6.631820797920227051e-01
4.622837305068969727e-01
5.569017529487609863e-01
6.253316402435302734e-01
6.010199785232543945e-01
3.029108941555023193e-01
3.191300630569458008e-01
3.497466444969177246e-01
4.430155158042907715e-01
4.105004072189331055e-01
3.606365025043487549e-01
3.398271501064300537e-01
2.759909629821777344e-01
2.578385174274444580e-01
1.637240201234817505e-01
6.001504659652709961e-01
6.367379426956176758e-01
6.076670885086059570e-01
5.001665949821472168e-01
5.471491217613220215e-01
6.308346390724182129e-01
2.975677251815795898e-01
2.942846417427062988e-01
3.345004320144653320e-01
3.565216064453125000e-01
4.018091261386871338e-01
2.851588726043701172e-01
2.746649980545043945e-01
2.967827022075653076e-01
3.840433359146118164e-01
2.893610596656799316e-01
1.471876025199890137e+00
1.692289113998413086e+00
1.447674632072448730e+00
1.528731465339660645e+00
1.543332815170288086e+00
1.571118474006652832e+00
5.660188794136047363e-01
7.488555312156677246e-01
7.116100788116455078e-01
7.674689292907714844e-01
7.466019988059997559e-01
7.568328976631164551e-01
7.858883142471313477e-01
5.177255272865295410e-01
4.763766527175903320e-01
5.416940450668334961e-01
4.588683843612670898e-01
4.356462955474853516e-01
4.096947014331817627e-01
4.105819165706634521e-01
4.737597703933715820e-01
3.606259226799011230e-01
3.278451561927795410e-01
3.548206388950347900e-01
3.198250830173492432e-01
3.376373946666717529e-01
2.738576829433441162e-01
2.532728612422943115e-01
1.373222231864929199e+00
1.359441757202148438e+00
1.388214349746704102e+00
3.972874402999877930e+00
3.964698314666748047e+00
3.946053743362426758e+00
2.752105712890625000e+00
2.812691926956176758e+00
2.777302026748657227e+00
5.312120914459228516e-01
5.846301317214965820e-01
6.549468636512756348e-01
8.033542633056640625e-01
5.206416249275207520e-01
5.346902012825012207e-01
4.402609467506408691e-01
5.158667564392089844e-01
5.819677114486694336e-01
2.984484434127807617e-01
3.942423164844512939e-01
4.596863687038421631e-01
4.408552348613739014e-01
3.425568640232086182e-01
4.802270829677581787e-01
5.305736660957336426e-01
3.697353005409240723e-01
4.185724258422851562e-01
3.649186491966247559e-01
8.997805714607238770e-01
1.473095655441284180e+00
1.547538280487060547e+00
1.524383187294006348e+00
1.564570426940917969e+00
1.542228698730468750e+00
1.355300426483154297e+00
5.080221295356750488e-01
5.179018378257751465e-01
6.007246375083923340e-01
5.264281034469604492e-01
6.554660201072692871e-01
1.185762524604797363e+00
1.122949600219726562e+00
1.135654449462890625e+00
1.108178734779357910e+00
1.073704361915588379e+00
9.215944409370422363e-01
6.379037499427795410e-01
3.785591125488281250e-01
2.812629640102386475e-01
4.846272170543670654e-01
4.799748063087463379e-01
1.676521003246307373e-01
1.488921046257019043e-01
1.732739061117172241e-01
2.569100856781005859e-01
3.461165130138397217e-01
4.469371140003204346e-01
5.505986213684082031e-01
5.488606691360473633e-01
5.687189698219299316e-01
4.999899566173553467e-01
3.071793615818023682e-01
2.298754602670669556e-01
1.753914654254913330e-01
1.669025719165802002e-01
1.750156283378601074e-01
1.041277572512626648e-01
1.077521294355392456e-01
9.797631949186325073e-02
2.157453149557113647e-01
2.681094408035278320e-01
2.492641955614089966e-01
4.212432503700256348e-01
6.069307923316955566e-01
1.436962485313415527e+00
1.404233694076538086e+00
1.451178193092346191e+00
1.588623762130737305e+00
1.468708515167236328e+00
1.374580860137939453e+00
4.684195816516876221e-01
3.416465520858764648e-01
4.796589910984039307e-01
4.490039944648742676e-01
4.051026701927185059e-01
3.513428270816802979e-01
1.840742230415344238e-01
1.240042209625244141e+00
1.354586601257324219e+00
1.419322609901428223e+00
1.401507616043090820e+00
1.428550720214843750e+00
1.434779882431030273e+00
4.365367889404296875e-01
2.429731935262680054e-01
2.633966207504272461e-01
2.537229657173156738e-01
4.056608378887176514e-01
5.794918537139892578e-01
5.811616778373718262e-01
5.959303975105285645e-01
6.360294818878173828e-01
4.325283467769622803e-01
2.904579043388366699e-01
2.730735838413238525e-01
3.753881454467773438e-01
3.453082740306854248e-01
3.361800312995910645e-01
3.884043395519256592e-01
4.932736754417419434e-01
5.307174324989318848e-01
3.241268098354339600e-01
3.637624979019165039e-01
3.862434625625610352e-01
6.901905536651611328e-01
5.579274892807006836e-01
5.766586661338806152e-01
6.343840360641479492e-01
6.093670129776000977e-01
5.741902589797973633e-01
2.571564614772796631e-01
3.304560780525207520e-01
3.776905834674835205e-01
1.751426458358764648e-01
1.782608628273010254e-01
2.204389274120330811e-01
7.578766942024230957e-01
6.897002458572387695e-01
6.949822902679443359e-01
6.957089304924011230e-01
7.015102505683898926e-01
7.726482152938842773e-01
1.767541021108627319e-01
1.208637133240699768e-01
2.830156981945037842e-01
2.507275044918060303e-01
4.263201951980590820e-01
3.403280377388000488e-01
3.086182773113250732e-01
4.801794290542602539e-01
4.878940284252166748e-01
6.785174608230590820e-01
7.851164340972900391e-01
7.319920659065246582e-01
8.213108777999877930e-01
8.966457247734069824e-01
8.960204720497131348e-01
6.233199834823608398e-01
3.504454493522644043e-01
2.832041680812835693e-01
2.580002248287200928e-01
2.140134125947952271e-01
1.567588746547698975e-01
1.434573531150817871e-01
1.102809533476829529e-01
9.520573168992996216e-02
9.758539497852325439e-02
8.175026625394821167e-02
6.973204016685485840e-02
6.971107423305511475e-02
2.092785388231277466e-01
2.713857293128967285e-01
3.651964664459228516e-01
4.661532640457153320e-01
6.264365315437316895e-01
9.659045338630676270e-01
7.351381778717041016e-01
8.933736085891723633e-01
1.033182382583618164e+00
8.926584720611572266e-01
8.777673840522766113e-01
7.040428519248962402e-01
7.984514236450195312e-01
7.326883673667907715e-01
2.998306274414062500e+00
3.454337835311889648e+00
3.401992797851562500e+00
3.510424375534057617e+00
3.326081991195678711e+00
3.187379598617553711e+00
5.762357711791992188e-01
1.211617946624755859e+00
1.330814123153686523e+00
1.271851181983947754e+00
1.291624546051025391e+00
1.301048636436462402e+00
1.543517231941223145e+00
6.990046501159667969e-01
4.390642046928405762e-01
4.445631206035614014e-01
4.781554937362670898e-01
3.456176519393920898e-01
2.181973755359649658e-01
4.895961284637451172e-01
5.013636350631713867e-01
3.636150956153869629e-01
3.699713647365570068e-01
3.819088339805603027e-01
3.864349722862243652e-01
4.420205056667327881e-01
4.142878651618957520e-01
5.001783967018127441e-01
5.286688208580017090e-01
4.766581058502197266e-01
4.793065488338470459e-01
1.578491330146789551e-01
1.652099937200546265e-01
1.900271922349929810e-01
1.267737448215484619e-01
1.157702431082725525e-01
1.409058570861816406e-01
1.432887166738510132e-01
1.487756371498107910e-01
9.727242588996887207e-02
1.089361831545829773e-01
1.408269554376602173e-01
3.574993610382080078e-01
6.063072085380554199e-01
9.250581860542297363e-01
1.108654737472534180e+00
1.308819174766540527e+00
1.294707059860229492e+00
1.291072249412536621e+00
1.000949501991271973e+00
6.537416577339172363e-01
6.268128752708435059e-01
6.031416058540344238e-01
5.563250780105590820e-01
4.089669287204742432e-01
5.612018108367919922e-01
5.686345696449279785e-01
6.949162483215332031e-01
6.474288105964660645e-01
8.267569541931152344e-01
9.262304306030273438e-01
1.005033731460571289e+00
1.305389165878295898e+00
1.401597619056701660e+00
1.428241372108459473e+00
1.346652746200561523e+00
1.319698691368103027e+00
1.025587797164916992e+00
7.837863564491271973e-01
5.826946496963500977e-01
5.637345314025878906e-01
6.275197267532348633e-01
7.323202490806579590e-01
7.211611866950988770e-01
7.413774132728576660e-01
7.981832027435302734e-01
8.860532045364379883e-01
7.827443480491638184e-01
7.232539057731628418e-01
9.585323333740234375e-01
9.733927249908447266e-01
9.810932874679565430e-01
1.081495642662048340e+00
1.144056439399719238e+00
1.208683848381042480e+00
7.454610466957092285e-01
7.254521250724792480e-01
8.415540456771850586e-01
7.160713076591491699e-01
7.371351122856140137e-01
7.808321714401245117e-01
8.543071746826171875e-01
8.527408242225646973e-01
8.307448625564575195e-01
1.259944319725036621e+00
1.274331212043762207e+00
1.206956863403320312e+00
1.105442643165588379e+00
1.037209510803222656e+00
8.683837056159973145e-01
3.813564777374267578e-01
3.905325829982757568e-01
3.086642324924468994e-01
2.852697670459747314e-01
2.995139360427856445e-01
2.746859490871429443e-01
4.208960533142089844e-01
2.554959654808044434e-01
3.571569025516510010e-01
3.736513257026672363e-01
3.732644021511077881e-01
3.716270029544830322e-01
2.815331518650054932e-01
3.205637335777282715e-01
1.598414629697799683e-01
1.598455160856246948e-01
1.740551441907882690e-01
1.403916925191879272e-01
3.114259839057922363e-01
9.289614558219909668e-01
1.890538454055786133e+00
3.420907020568847656e+00
2.933808088302612305e+00
1.990339994430541992e+00
1.316227078437805176e+00
1.009073257446289062e+00
1.035898923873901367e+00
2.000737667083740234e+00
2.016525030136108398e+00
1.819926977157592773e+00
2.031842470169067383e+00
2.264210700988769531e+00
2.208620071411132812e+00
9.231982231140136719e-01
7.129061222076416016e-01
8.455528020858764648e-01
6.593703031539916992e-01
3.836407065391540527e-01
3.954786658287048340e-01
4.665179848670959473e-01
5.278216600418090820e-01
2.975522577762603760e-01
2.595584392547607422e-01
2.693903446197509766e-01
2.521583139896392822e-01
2.180089652538299561e-01
4.827218949794769287e-01
4.665085971355438232e-01
4.965082705020904541e-01
7.942771911621093750e-01
8.867611289024353027e-01
8.127483129501342773e-01
4.071382582187652588e-01
4.106240570545196533e-01
3.518947362899780273e-01
3.079248666763305664e-01
2.314656972885131836e-01
2.752656936645507812e-01
2.055941075086593628e-01
2.403777390718460083e-01
2.501567304134368896e-01
2.490411400794982910e-01
3.647525012493133545e-01
4.383409917354583740e-01
7.005016207695007324e-01
6.771469712257385254e-01
7.927054166793823242e-01
7.970356941223144531e-01
7.178542613983154297e-01
6.480355858802795410e-01
5.912509560585021973e-01
5.666307210922241211e-01
5.168532133102416992e-01
5.162494778633117676e-01
5.533530116081237793e-01
5.536024570465087891e-01
4.378100633621215820e-01
5.285076498985290527e-01
4.894913733005523682e-01
4.579916596412658691e-01
4.054058790206909180e-01
4.839066863059997559e-01
4.797297418117523193e-01
5.965626239776611328e-01
8.382370471954345703e-01
9.243891835212707520e-01
1.020692229270935059e+00
8.309412598609924316e-01
1.017217159271240234e+00
9.087403416633605957e-01
3.857118487358093262e-01
3.275855183601379395e-01
3.088306486606597900e-01
2.844937145709991455e-01
1.475155055522918701e-01
5.277960300445556641e-01
5.983068346977233887e-01
1.424235224723815918e+00
1.500724673271179199e+00
2.036012172698974609e+00
2.200405359268188477e+00
2.111232280731201172e+00
1.997457146644592285e+00
1.676250934600830078e+00
1.616030454635620117e+00
8.808227181434631348e-01
5.143676400184631348e-01
4.483048319816589355e-01
6.420922279357910156e-01
6.924917697906494141e-01
8.638640642166137695e-01
8.912755846977233887e-01
9.121904373168945312e-01
6.168434619903564453e-01
6.284790039062500000e-01
4.984776973724365234e-01
3.515315651893615723e-01
7.234334349632263184e-01
7.796111106872558594e-01
7.392486929893493652e-01
8.090608716011047363e-01
9.037092328071594238e-01
1.006796836853027344e+00
6.292832493782043457e-01
7.366943359375000000e-01
7.497142553329467773e-01
1.173431992530822754e+00
1.297572135925292969e+00
1.279341816902160645e+00
1.119369506835937500e+00
9.802839756011962891e-01
7.856509089469909668e-01
3.903531432151794434e-01
3.331123888492584229e-01
5.404831767082214355e-01
4.798270463943481445e-01
4.516417682170867920e-01
4.341514408588409424e-01
4.009529352188110352e-01
3.530590236186981201e-01
1.431290954351425171e-01
1.314056366682052612e-01
1.720435917377471924e-01
1.648844480514526367e-01
1.669107675552368164e-01
1.821592003107070923e-01
2.437551468610763550e-01
3.977242112159729004e-01
4.822506308555603027e-01
4.621735215187072754e-01
4.569910764694213867e-01
1.193112492561340332e+00
1.233627080917358398e+00
1.172058820724487305e+00
9.763337373733520508e-01
1.463523387908935547e+00
1.397912621498107910e+00
7.786033153533935547e-01
7.988504767417907715e-01
7.762441039085388184e-01
8.307480812072753906e-01
5.266582965850830078e-01
6.743701696395874023e-01
5.981283187866210938e-01
4.244996011257171631e-01
6.307589411735534668e-01
6.070871353149414062e-01
5.338115096092224121e-01
4.088954627513885498e-01
5.108367800712585449e-01
4.872038066387176514e-01
3.992228209972381592e-01
2.385745495557785034e-01
1.958245187997817993e-01
2.946222722530364990e-01
2.753743529319763184e-01
3.708488345146179199e-01
2.515054047107696533e-01
2.826646864414215088e-01
4.361062943935394287e-01
7.944156527519226074e-01
7.954664826393127441e-01
7.573175430297851562e-01
8.372302651405334473e-01
8.886182308197021484e-01
7.498903274536132812e-01
3.458848893642425537e-01
3.742431104183197021e-01
3.542330861091613770e-01
2.772415578365325928e-01
1.560344398021697998e-01
1.309862136840820312e-01
1.343297064304351807e-01
4.441986083984375000e-01
8.590858578681945801e-01
6.499192118644714355e-01
6.549074649810791016e-01
7.924197912216186523e-01
7.698574662208557129e-01
4.783715307712554932e-01
2.282286137342453003e-01
2.527174353599548340e-01
2.333445399999618530e-01
1.496272087097167969e-01
1.457621008157730103e-01
1.225749924778938293e-01
1.128880456089973450e-01
1.256412565708160400e-01
1.803981661796569824e-01
1.899916082620620728e-01
1.994362175464630127e-01
1.898288875818252563e-01
1.936910003423690796e-01
2.024705111980438232e-01
8.173820376396179199e-02
7.530844211578369141e-02
7.070375233888626099e-02
6.374216079711914062e-02
6.564735174179077148e-01
6.834000945091247559e-01
8.560079932212829590e-01
9.167292118072509766e-01
1.069546341896057129e+00
1.048541426658630371e+00
4.622693359851837158e-01
2.746572494506835938e-01
1.266424059867858887e-01
1.165918558835983276e-01
1.279327720403671265e-01
1.297210752964019775e-01
1.346240192651748657e-01
1.651734411716461182e-01
3.121307194232940674e-01
2.795537114143371582e-01
2.214426845312118530e-01
2.345163077116012573e-01
2.202311009168624878e-01
2.568457126617431641e-01
8.847568929195404053e-02
8.681448549032211304e-02
1.236989796161651611e-01
1.507153213024139404e-01
1.594077050685882568e-01
1.484231948852539062e-01
1.148161962628364563e-01
1.061798036098480225e-01
1.062873601913452148e-01
1.211742535233497620e-01
2.539299726486206055e-01
4.927105307579040527e-01
5.315247178077697754e-01
5.699751973152160645e-01
4.943979382514953613e-01
5.085316300392150879e-01
3.284032940864562988e-01
2.003117948770523071e-01
2.156327515840530396e-01
1.753713935613632202e-01
4.317245483398437500e-01
4.581620097160339355e-01
4.474864006042480469e-01
4.628871083259582520e-01
4.035415947437286377e-01
4.183943569660186768e-01
2.953087687492370605e-01
2.149844616651535034e-01
1.767076104879379272e-01
1.430783271789550781e-01
2.494323253631591797e-01
2.066109925508499146e-01
2.048434913158416748e-01
1.970922052860260010e-01
2.189675420522689819e-01
2.252145409584045410e-01
1.228835731744766235e-01
7.207399606704711914e-02
8.648581057786941528e-02
1.005426496267318726e-01
8.528023958206176758e-02
1.780485361814498901e-01
2.632862329483032227e-01
2.538721859455108643e-01
2.374863922595977783e-01
2.235525995492935181e-01
2.362931817770004272e-01
7.236969470977783203e-01
5.082091689109802246e-01
1.533080220222473145e+00
1.542537927627563477e+00
1.611972212791442871e+00
1.726724267005920410e+00
1.321089267730712891e+00
1.318203568458557129e+00
1.257258892059326172e+00
1.372136592864990234e+00
1.228577971458435059e+00
1.194407343864440918e+00
1.140063881874084473e+00
1.149815678596496582e+00
4.073755443096160889e-01
3.903160989284515381e-01
2.227538824081420898e-01
2.126590013504028320e-01
1.913664489984512329e-01
1.971523612737655640e-01
1.873679459095001221e-01
1.963701397180557251e-01
2.718372046947479248e-01
1.897370666265487671e-01
1.732663810253143311e-01
1.855879575014114380e-01
2.218760102987289429e-01
2.100605368614196777e-01
2.261582016944885254e-01
8.231918513774871826e-02
1.560470461845397949e-01
1.520944237709045410e-01
1.471775472164154053e-01
1.445626467466354370e-01
3.754813671112060547e-01
3.527646064758300781e-01
4.510864019393920898e-01
3.642398416996002197e-01
8.191528916358947754e-01
8.622373938560485840e-01
4.606389701366424561e-01
4.712409675121307373e-01
4.768919944763183594e-01
5.800395607948303223e-01
2.677313685417175293e-01
2.067216783761978149e-01
1.658722460269927979e-01
3.161646723747253418e-01
2.622699737548828125e-01
7.885468006134033203e-02
1.671026051044464111e-01
1.731545776128768921e-01
1.614784598350524902e-01
1.346331089735031128e-01
3.660273253917694092e-01
3.326092362403869629e-01
2.398565560579299927e-01
3.372963070869445801e-01
4.413935840129852295e-01
7.168219685554504395e-01
9.414674043655395508e-01
1.014437556266784668e+00
2.100950717926025391e+00
2.948601007461547852e+00
3.982064485549926758e+00
4.362694263458251953e+00
4.495707511901855469e+00
5.310006141662597656e+00
4.420604705810546875e+00
4.272579669952392578e+00
3.348937511444091797e+00
2.871363401412963867e+00
2.349599123001098633e+00
1.381785392761230469e+00
8.625229001045227051e-01
3.365314006805419922e-01
2.620820999145507812e-01
4.122652709484100342e-01
4.120432436466217041e-01
4.189496934413909912e-01
4.812202751636505127e-01
5.224533677101135254e-01
3.937888741493225098e-01
2.229768782854080200e-01
3.095940351486206055e-01
4.366284012794494629e-01
8.828575015068054199e-01
1.155920863151550293e+00
1.612534284591674805e+00
1.772459864616394043e+00
1.444790601730346680e+00
1.535382151603698730e+00
1.168365478515625000e+00
9.655674099922180176e-01
8.098806738853454590e-01
5.788896679878234863e-01
4.694961011409759521e-01
1.864302307367324829e-01
1.622038781642913818e-01
1.600697338581085205e-01
2.821145653724670410e-01
3.566420674324035645e-01
3.813607394695281982e-01
3.390367329120635986e-01
3.458458483219146729e-01
3.266296684741973877e-01
1.645117551088333130e-01
1.214267015457153320e-01
1.415900290012359619e-01
2.496897429227828979e-01
3.612742125988006592e-01
4.943201541900634766e-01
7.541659474372863770e-01
8.551454544067382812e-01
1.065064191818237305e+00
1.184471130371093750e+00
1.261165022850036621e+00
1.226770043373107910e+00
8.842309713363647461e-01
1.137318253517150879e+00
1.241588592529296875e+00
1.111598849296569824e+00
1.008481979370117188e+00
9.860368967056274414e-01
1.029431939125061035e+00
7.311378121376037598e-01
5.689197182655334473e-01
5.325046181678771973e-01
5.083371400833129883e-01
3.851247131824493408e-01
3.163231313228607178e-01
2.145414650440216064e-01
4.966404438018798828e-01
5.044549703598022461e-01
4.804383516311645508e-01
5.579177737236022949e-01
5.203714966773986816e-01
7.677630782127380371e-01
7.561275959014892578e-01
3.315803766250610352e+00
3.237362861633300781e+00
3.011241674423217773e+00
3.060439586639404297e+00
3.091410875320434570e+00
2.709835290908813477e+00
1.652512103319168091e-01
2.109516263008117676e-01
2.405955046415328979e-01
5.063973069190979004e-01
5.011820197105407715e-01
5.179206728935241699e-01
5.229585170745849609e-01
5.436834692955017090e-01
5.427313446998596191e-01
4.351150691509246826e-01
3.256790637969970703e-01
5.077223181724548340e-01
4.368251264095306396e-01
3.225326538085937500e-01
4.894944429397583008e-01
3.555239737033843994e-01
4.051772654056549072e-01
3.780734837055206299e-01
3.635782301425933838e-01
9.874151349067687988e-01
4.690637290477752686e-01
5.583966970443725586e-01
5.348060727119445801e-01
4.369008541107177734e-01
4.253645837306976318e-01
2.090067863464355469e-01
2.637665867805480957e-01
4.639151096343994141e-01
4.359154403209686279e-01
5.022821426391601562e-01
4.979690313339233398e-01
1.015598416328430176e+00
7.999074459075927734e-01
1.017373681068420410e+00
1.055011034011840820e+00
1.179148793220520020e+00
1.145379543304443359e+00
7.196549773216247559e-01
6.822188496589660645e-01
3.646858632564544678e-01
4.034561812877655029e-01
9.992526769638061523e-01
9.977886676788330078e-01
9.085676670074462891e-01
9.068929553031921387e-01
8.895888328552246094e-01
8.931971192359924316e-01
1.692859232425689697e-01
2.060522586107254028e-01
2.217865884304046631e-01
2.341336011886596680e-01
3.045519292354583740e-01
2.919830083847045898e-01
4.088255465030670166e-01
3.885369598865509033e-01
3.612008392810821533e-01
3.696535229682922363e-01
3.107133507728576660e-01
2.992950677871704102e-01
1.290913522243499756e-01
2.103195041418075562e-01
2.344677299261093140e-01
4.584928452968597412e-01
4.659940302371978760e-01
4.872630834579467773e-01
4.563162326812744141e-01
4.174094796180725098e-01
4.792256951332092285e-01
4.718531370162963867e-01
4.303390681743621826e-01
2.988734543323516846e-01
3.827089667320251465e-01
2.945804595947265625e-01
2.974661886692047119e-01
2.787849605083465576e-01
2.833624482154846191e-01
2.849469780921936035e-01
1.708834320306777954e-01
1.189814448356628418e+00
1.702381014823913574e+00
1.645712137222290039e+00
1.594716548919677734e+00
1.636168479919433594e+00
1.629301667213439941e+00
1.274026513099670410e+00
7.901760339736938477e-01
7.857767343521118164e-01
7.705871462821960449e-01
7.717180848121643066e-01
7.805564403533935547e-01
3.577364385128021240e-01
4.338462054729461670e-01
1.090996384620666504e+00
1.038973093032836914e+00
9.293270111083984375e-01
8.802325725555419922e-01
7.836862206459045410e-01
1.454352021217346191e+00
1.215018987655639648e+00
1.298048377037048340e+00
1.264407157897949219e+00
1.222793221473693848e+00
1.264026761054992676e+00
4.302183687686920166e-01
2.937029004096984863e-01
3.540301024913787842e-01
3.193826377391815186e-01
2.563223838806152344e-01
2.284047454595565796e-01
2.663920819759368896e-01
9.381523132324218750e-01
8.697225451469421387e-01
9.677470922470092773e-01
1.071474909782409668e+00
1.102225422859191895e+00
8.794888257980346680e-01
2.303864508867263794e-01
2.145483791828155518e-01
9.916955232620239258e-02
1.227724626660346985e-01
1.459329724311828613e-01
1.820537596940994263e-01
1.603048294782638550e-01
2.066069394350051880e-01
2.638152241706848145e-01
2.104649096727371216e-01
1.932556927204132080e-01
2.496326863765716553e-01
2.547398209571838379e-01
1.842368543148040771e-01
1.393390148878097534e-01
1.635984033346176147e-01
3.742231428623199463e-01
8.079653978347778320e-01
8.623892068862915039e-01
1.137021660804748535e+00
1.341859459877014160e+00
9.956364035606384277e-01
8.663026690483093262e-01
4.212045669555664062e-01
4.384295344352722168e-01
2.102663516998291016e-01
1.458784788846969604e-01
1.940464526414871216e-01
1.424766629934310913e-01
9.361147135496139526e-02
8.679034560918807983e-02
9.489574283361434937e-02
8.387099951505661011e-02
7.104557007551193237e-02
6.564366817474365234e-02
1.416637301445007324e-01
1.760953217744827271e-01
2.387027293443679810e-01
2.608890533447265625e-01
3.477104902267456055e-01
5.095499157905578613e-01
4.796586632728576660e-01
5.004562139511108398e-01
5.471957921981811523e-01
5.949523448944091797e-01
4.510222673416137695e-01
3.395289182662963867e-01
3.058418035507202148e-01
3.333710432052612305e-01
3.084735870361328125e-01
4.145435094833374023e-01
4.837934672832489014e-01
6.245090365409851074e-01
8.661337494850158691e-01
8.586128354072570801e-01
9.767590165138244629e-01
1.625746130943298340e+00
1.676098346710205078e+00
1.790343165397644043e+00
1.452669501304626465e+00
1.387727379798889160e+00
1.297202587127685547e+00
4.960181117057800293e-01
4.233886897563934326e-01
8.836358785629272461e-02
4.390494227409362793e-01
4.982717037200927734e-01
4.465035498142242432e-01
7.211079001426696777e-01
7.136746048927307129e-01
7.215732336044311523e-01
5.255298018455505371e-01
4.398736059665679932e-01
4.746968746185302734e-01
5.159558057785034180e-01
5.010626912117004395e-01
7.184559702873229980e-01
7.001432180404663086e-01
6.905319690704345703e-01
6.522783041000366211e-01
3.968333601951599121e-01
3.343468308448791504e-01
2.935612499713897705e-01
2.512259781360626221e-01
2.138332426548004150e-01
2.306747138500213623e-01
1.782626956701278687e-01
4.040610790252685547e-01
4.207368493080139160e-01
4.216298758983612061e-01
3.435412943363189697e-01
3.141881823539733887e-01
3.077408969402313232e-01
3.949490189552307129e-01
4.662819802761077881e-01
5.461856126785278320e-01
5.039084553718566895e-01
4.867236912250518799e-01
5.108726024627685547e-01
4.278191626071929932e-01
6.248958706855773926e-01
5.944102406501770020e-01
1.346709132194519043e+00
1.264071464538574219e+00
1.993282794952392578e+00
2.677670001983642578e+00
2.567799806594848633e+00
2.566389560699462891e+00
1.836006999015808105e+00
1.936496615409851074e+00
1.156175494194030762e+00
6.690433621406555176e-01
8.791840076446533203e-01
9.021428823471069336e-01
9.611542820930480957e-01
9.304889440536499023e-01
7.599545121192932129e-01
6.235437989234924316e-01
5.331946015357971191e-01
4.296355247497558594e-01
3.528890013694763184e-01
2.859967052936553955e-01
2.757282257080078125e-01
2.679680585861206055e-01
2.736496031284332275e-01
2.639222145080566406e-01
2.489757984876632690e-01
2.060681283473968506e-01
3.121897876262664795e-01
6.113351583480834961e-01
1.344275355339050293e+00
2.759917497634887695e+00
3.686536252498626709e-01
1.416667997837066650e-01
1.345595568418502808e-01
1.097981408238410950e-01
2.327835559844970703e-01
2.236511409282684326e-01
2.261104881763458252e-01
2.249667197465896606e-01
3.002487123012542725e-01
3.189879357814788818e-01
2.110182940959930420e-01
2.163777798414230347e-01
2.197377532720565796e-01
2.225136756896972656e-01
1.412246525287628174e-01
1.239774450659751892e-01
1.379451900720596313e-01
9.599930047988891602e-02
8.278028666973114014e-02
7.245488464832305908e-02
6.706540286540985107e-02
6.920593231916427612e-02
7.764062285423278809e-02
4.660236239433288574e-01
5.323094129562377930e-01
5.281536579132080078e-01
1.712954401969909668e+00
2.387911796569824219e+00
2.409057617187500000e+00
1.119138479232788086e+00
1.065620660781860352e+00
1.227087497711181641e+00
8.986043334007263184e-01
3.464818894863128662e-01
3.574506938457489014e-01
3.394247293472290039e-01
3.466635644435882568e-01
1.023206710815429688e-01
1.091143414378166199e-01
1.165812090039253235e-01
1.344819664955139160e-01
1.174159571528434753e-01
9.704507887363433838e-02
6.971871852874755859e-02
7.210835814476013184e-02
7.774608582258224487e-02
5.833706632256507874e-02
7.693382352590560913e-02
6.842099875211715698e-02
1.242745518684387207e-01
1.127015203237533569e-01
1.401723474264144897e-01
2.094406634569168091e-01
2.014565020799636841e-01
2.166555076837539673e-01
2.709294557571411133e-01
2.569468617439270020e-01
2.630772888660430908e-01
2.271676212549209595e-01
2.451920807361602783e-01
2.519640028476715088e-01
9.852316230535507202e-02
1.839969754219055176e-01
1.674596220254898071e-01
1.759082973003387451e-01
1.863048523664474487e-01
2.058041095733642578e-01
2.413391619920730591e-01
1.350553780794143677e-01
1.290140300989151001e-01
1.176763996481895447e-01
9.360370784997940063e-02
8.814356476068496704e-02
7.149732857942581177e-02
9.681121259927749634e-02
8.774528652429580688e-02
8.615294098854064941e-02
1.217247918248176575e-01
1.174324527382850647e-01
9.577439725399017334e-02
9.729269891977310181e-02
1.026005074381828308e-01
9.141997247934341431e-02
2.847036719322204590e-01
2.873127758502960205e-01
2.840710282325744629e-01
3.054488897323608398e-01
2.969029247760772705e-01
3.244290053844451904e-01
8.243542909622192383e-02
9.232054650783538818e-02
8.306620270013809204e-02
7.495361566543579102e-02
8.369114995002746582e-02
8.532814681529998779e-02
7.932267338037490845e-02
9.621729701757431030e-02
9.015609323978424072e-02
1.031291857361793518e-01
1.023794338107109070e-01
1.027430668473243713e-01
9.401337057352066040e-02
6.830176711082458496e-02
7.895162701606750488e-02
9.540177881717681885e-02
8.366887271404266357e-02
8.422740548849105835e-02
8.052654564380645752e-02
8.676097542047500610e-02
8.340240269899368286e-02
6.993921101093292236e-02
6.944876164197921753e-02
6.348667293787002563e-02
7.485725730657577515e-02
8.352587372064590454e-02
1.191216781735420227e-01
1.253285259008407593e-01
7.341719269752502441e-01
2.685946464538574219e+00
3.526471614837646484e+00
3.679747104644775391e+00
3.676538705825805664e+00
3.669108629226684570e+00
3.064021110534667969e+00
1.586963891983032227e+00
1.104686975479125977e+00
8.921887874603271484e-01
8.473517894744873047e-01
7.716391682624816895e-01
4.880760312080383301e-01
8.940045535564422607e-02
8.399733901023864746e-02
8.951467275619506836e-02
9.194158762693405151e-02
2.925901114940643311e-01
1.924563348293304443e-01
1.902437210083007812e-01
1.784337460994720459e-01
1.764998286962509155e-01
1.706396341323852539e-01
6.431178748607635498e-02
8.904175460338592529e-02
2.263418436050415039e-01
2.374008744955062866e-01
2.484884709119796753e-01
2.557769417762756348e-01
2.496347725391387939e-01
2.427976280450820923e-01
9.973256289958953857e-02
1.189790666103363037e-01
1.220421418547630310e-01
1.162505522370338440e-01
1.181805133819580078e-01
1.139146760106086731e-01
1.175547018647193909e-01
9.798426926136016846e-02
1.034493520855903625e-01
1.123110279440879822e-01
1.384496837854385376e-01
1.486112773418426514e-01
2.732686400413513184e-01
2.982158660888671875e-01
2.933487296104431152e-01
2.159334570169448853e-01
2.706989347934722900e-01
2.826731204986572266e-01
2.151411473751068115e-01
1.738996207714080811e-01
1.914215832948684692e-01
1.558052450418472290e-01
8.239945769309997559e-02
8.737315237522125244e-02
8.756668120622634888e-02
1.984826028347015381e-01
2.339598834514617920e-01
2.797898948192596436e-01
2.753541469573974609e-01
3.408425450325012207e-01
3.497258126735687256e-01
2.330166101455688477e-01
1.573976725339889526e-01
1.416823863983154297e-01
1.459126174449920654e-01
1.595682650804519653e-01
1.833334416151046753e-01
1.790473908185958862e-01
1.549821645021438599e-01
1.595542430877685547e-01
5.239688754081726074e-01
4.955987632274627686e-01
4.694746136665344238e-01
4.702196717262268066e-01
4.670554101467132568e-01
4.871402978897094727e-01
2.787714600563049316e-01
3.254142999649047852e-01
2.972348332405090332e-01
3.603345751762390137e-01
5.265252590179443359e-01
3.950412273406982422e-01
2.868413031101226807e-01
2.680841088294982910e-01
2.901737689971923828e-01
2.554066777229309082e-01
1.863045692443847656e-01
3.102586567401885986e-01
3.068368434906005859e-01
3.042287826538085938e-01
3.350882530212402344e-01
4.936873018741607666e-01
5.043433308601379395e-01
2.542182803153991699e-01
7.077309489250183105e-01
6.779126524925231934e-01
6.662571430206298828e-01
1.033116340637207031e+00
1.188935637474060059e+00
1.827597975730895996e+00
1.522321105003356934e+00
4.052677154541015625e+00
4.143549919128417969e+00
3.835503578186035156e+00
3.183801651000976562e+00
2.649980545043945312e+00
2.399131774902343750e+00
3.071415722370147705e-01
3.533552289009094238e-01
3.240215778350830078e-01
2.948772013187408447e-01
3.166351318359375000e-01
4.893998503684997559e-01
5.070297718048095703e-01
4.782506823539733887e-01
4.834234118461608887e-01
4.845964312553405762e-01
4.778786003589630127e-01
1.532498151063919067e-01
1.377147585153579712e-01
1.049893796443939209e-01
9.600610285997390747e-02
8.491701632738113403e-02
2.113223373889923096e-01
2.188102602958679199e-01
2.149120271205902100e-01
2.499144226312637329e-01
4.671771228313446045e-01
4.522803127765655518e-01
3.001281619071960449e-01
3.086622059345245361e-01
2.989539504051208496e-01
2.613821923732757568e-01
9.396211802959442139e-02
1.010101810097694397e-01
1.161420792341232300e-01
9.094509482383728027e-02
8.136791735887527466e-02
8.906784653663635254e-02
1.125186458230018616e-01
1.084056645631790161e-01
1.124338060617446899e-01
1.040961593389511108e-01
1.269278228282928467e-01
1.101446524262428284e-01
1.166665628552436829e-01
1.047532632946968079e-01
1.089518219232559204e-01
1.083635315299034119e-01
9.361813962459564209e-02
2.180177271366119385e-01
2.066852897405624390e-01
2.145635485649108887e-01
1.890531927347183228e-01
1.750876754522323608e-01
1.858310103416442871e-01
9.824565798044204712e-02
9.899638593196868896e-02
1.022881567478179932e-01
1.059289053082466125e-01
1.119973286986351013e-01
1.165837645530700684e+00
1.184036970138549805e+00
1.225225567817687988e+00
1.273260354995727539e+00
1.167835474014282227e+00
1.183014869689941406e+00
9.485206007957458496e-02
3.619153201580047607e-01
3.353408575057983398e-01
3.159495294094085693e-01
3.308135569095611572e-01
3.400020003318786621e-01
4.477140307426452637e-01
2.430258840322494507e-01
2.741101980209350586e-01
3.147112727165222168e-01
3.048622310161590576e-01
3.202983736991882324e-01
1.571990400552749634e-01
1.923588961362838745e-01
1.750303655862808228e-01
2.053525149822235107e-01
2.098969370126724243e-01
2.039275318384170532e-01
1.665129065513610840e-01
1.337402164936065674e-01
5.048766732215881348e-01
4.603611528873443604e-01
4.287405610084533691e-01
5.135663151741027832e-01
1.749452590942382812e+00
1.680907130241394043e+00
1.976498007774353027e+00
3.162152051925659180e+00
3.192261695861816406e+00
3.180801153182983398e+00
1.135785341262817383e+00
1.126662015914916992e+00
5.149809718132019043e-01
1.390173584222793579e-01
9.723298251628875732e-02
9.297858178615570068e-02
7.712605595588684082e-02
2.443734109401702881e-01
2.135749757289886475e-01
2.397376447916030884e-01
2.409637570381164551e-01
2.613381445407867432e-01
2.429624348878860474e-01
9.485182166099548340e-02
1.092751771211624146e-01
7.322897762060165405e-02
7.372432947158813477e-02
6.678197532892227173e-02
1.599622815847396851e-01
1.673816889524459839e-01
3.541823327541351318e-01
4.052875041961669922e-01
3.270979225635528564e-01
3.105993270874023438e-01
3.770868480205535889e-01
4.079694747924804688e-01
2.065168768167495728e-01
5.216091275215148926e-01
5.764077305793762207e-01
5.404509305953979492e-01
2.806275784969329834e-01
2.874181568622589111e-01
2.904077768325805664e-01
5.242636203765869141e-01
5.333402752876281738e-01
5.421630144119262695e-01
7.936262488365173340e-01
7.216127514839172363e-01
7.007976770401000977e-01
2.057385146617889404e-01
2.385455369949340820e-01
3.399355113506317139e-01
1.028605923056602478e-01
1.451683193445205688e-01
3.149445950984954834e-01
5.644225478172302246e-01
5.657576918601989746e-01
6.291859745979309082e-01
4.713379442691802979e-01
4.454132318496704102e-01
3.641837835311889648e-01
3.786106109619140625e-01
3.895659446716308594e-01
4.146784543991088867e-01
4.176894724369049072e-01
5.308752059936523438e-01
5.031107068061828613e-01
5.158695578575134277e-01
5.373654961585998535e-01
5.560788512229919434e-01
6.746534109115600586e-01
7.297563552856445312e-01
7.979687452316284180e-01
7.408097982406616211e-01
6.878862380981445312e-01
6.442998647689819336e-01
5.711557865142822266e-01
7.278241515159606934e-01
7.354951500892639160e-01
1.239847064018249512e+00
1.291570186614990234e+00
1.280544757843017578e+00
2.262123346328735352e+00
1.833195209503173828e+00
2.628402709960937500e+00
1.962543249130249023e+00
1.894305348396301270e+00
1.940397024154663086e+00
1.903783559799194336e+00
1.851179599761962891e+00
1.030265688896179199e+00
1.034636974334716797e+00
1.026138067245483398e+00
1.031136274337768555e+00
9.558099508285522461e-02
1.125241070985794067e-01
7.242512702941894531e-01
7.528451681137084961e-01
8.249875903129577637e-01
7.314701676368713379e-01
7.661111950874328613e-01
6.744626164436340332e-01
9.270363301038742065e-02
8.909956365823745728e-02
7.325533777475357056e-02
2.006396651268005371e-01
1.714271306991577148e-01
1.713718622922897339e-01
1.979658752679824829e-01
2.687136530876159668e-01
2.704778015613555908e-01
1.761037558317184448e-01
5.071553587913513184e-01
5.005879998207092285e-01
5.178960561752319336e-01
4.437126815319061279e-01
4.619681835174560547e-01
4.484316408634185791e-01
1.042156666517257690e-01
1.137132421135902405e-01
2.534738481044769287e-01
2.586612701416015625e-01
2.558696568012237549e-01
2.580242156982421875e-01
2.309766262769699097e-01
2.516207993030548096e-01
2.776154577732086182e-01
2.771201729774475098e-01
3.394629061222076416e-01
3.036717176437377930e-01
3.108740746974945068e-01
3.684855699539184570e-01
1.002446934580802917e-01
1.291752457618713379e-01
1.958115100860595703e-01
1.728993803262710571e-01
2.252556979656219482e-01
2.507966458797454834e-01
2.993653714656829834e-01
3.053974807262420654e-01
2.076943367719650269e-01
2.128347605466842651e-01
1.944879442453384399e-01
1.168968677520751953e-01
1.380117386579513550e-01
1.258735358715057373e-01
1.605962514877319336e-01
1.360522508621215820e-01
1.689734905958175659e-01
1.837776303291320801e-01
2.017093896865844727e-01
1.875356882810592651e-01
2.175463438034057617e-01
2.278196215629577637e-01
1.843578368425369263e-01
1.575784981250762939e-01
1.524554342031478882e-01
1.415507048368453979e-01
1.313931792974472046e-01
2.046405673027038574e-01
2.013935893774032593e-01
6.207531690597534180e-01
6.074824333190917969e-01
7.752087712287902832e-01
7.248132824897766113e-01
6.707909107208251953e-01
7.979721426963806152e-01
5.263824462890625000e-01
5.481619834899902344e-01
8.752913475036621094e-01
1.459703207015991211e+00
2.552278995513916016e+00
4.129254817962646484e+00
3.349959850311279297e+00
2.252028942108154297e+00
1.482104182243347168e+00
1.025471329689025879e+00
9.173658490180969238e-01
8.881885409355163574e-01
1.019678041338920593e-01
1.020910441875457764e-01
1.185568213462829590e+00
1.195382833480834961e+00
1.228362441062927246e+00
1.201681494712829590e+00
1.225547194480895996e+00
1.251504659652709961e+00
9.563543647527694702e-02
9.276516735553741455e-02
7.990848273038864136e-02
1.219995617866516113e-01
8.882984519004821777e-02
8.157864212989807129e-02
8.696743100881576538e-02
9.552724659442901611e-02
1.360488682985305786e-01
1.079043447971343994e-01
2.631067335605621338e-01
3.826638758182525635e-01
3.840007781982421875e-01
3.819707632064819336e-01
3.899236023426055908e-01
3.838510513305664062e-01
1.956017911434173584e-01
1.039511188864707947e-01
9.453056007623672485e-02
1.787598133087158203e-01
1.842897087335586548e-01
1.837964415550231934e+00
1.859965562820434570e+00
1.841078996658325195e+00
1.842152357101440430e+00
1.723949670791625977e+00
1.717873811721801758e+00
9.181328117847442627e-02
8.816112577915191650e-02
8.007743209600448608e-02
9.955921024084091187e-02
1.342242658138275146e-01
1.317090094089508057e-01
1.231847405433654785e-01
1.052953973412513733e-01
1.005004122853279114e-01
8.754649013280868530e-02
1.055719405412673950e-01
9.120222181081771851e-02
8.970156311988830566e-02
1.003620177507400513e-01
9.612151980400085449e-02
9.926479309797286987e-02
7.235652953386306763e-02
8.111339062452316284e-02
9.105098247528076172e-02
1.014924123883247375e-01
